# This file specifies the times (floored bkjd) and skygroups during which
# an anomalous number of long-period (>50 days) transits were detected.
#
# bkjd skygroup
133.00 55
133.00 78
134.00 78
134.50 66
135.00 43
135.50 43
136.00 43
136.50 41
137.50 36
138.00 43
138.00 75
138.00 82
138.50 22
139.50 14
139.50 61
140.00 43
140.50 55
140.50 77
140.50 79
140.50 80
141.50 68
142.00 61
144.00 28
144.00 32
144.00 49
145.00 76
145.50 67
147.50 31
148.50 38
148.50 66
151.00 36
151.00 53
151.50 74
152.00 4
153.00 60
153.50 76
154.50 36
156.50 38
158.50 78
161.50 10
161.50 25
161.50 70
162.50 19
162.50 54
162.50 66
164.00 67
171.00 52
172.00 18
172.00 22
172.00 41
172.00 46
172.00 62
172.50 40
172.50 58
172.50 73
173.00 18
173.00 42
173.00 58
173.50 13
173.50 62
174.00 53
174.50 68
174.50 76
174.50 81
175.00 55
175.50 42
175.50 73
176.00 7
176.00 56
177.50 19
178.50 57
182.00 4
182.50 22
182.50 73
183.00 22
183.00 27
183.00 73
184.00 12
184.50 18
185.00 18
185.00 55
185.50 18
185.50 42
185.50 58
185.50 68
186.00 18
186.50 18
186.50 63
187.00 18
187.50 12
188.00 51
188.50 73
190.50 64
191.50 25
193.00 22
196.00 55
197.00 32
198.50 49
199.50 4
200.50 80
201.00 80
203.50 55
205.00 12
206.00 74
206.50 56
208.00 28
208.50 39
209.00 16
209.00 53
209.00 68
209.00 73
209.50 36
209.50 55
209.50 79
211.00 67
212.00 29
213.00 74
213.50 74
214.50 38
215.00 59
217.00 25
218.00 58
221.00 41
221.00 58
223.00 51
223.00 58
223.50 25
224.00 58
224.00 80
227.00 38
230.00 55
230.00 58
230.50 54
230.50 58
231.00 58
231.00 65
231.50 58
232.00 19
232.00 58
232.50 58
233.00 26
233.00 58
233.50 26
233.50 58
234.00 26
234.00 58
234.50 58
235.00 26
235.00 58
235.00 73
235.50 58
236.00 58
237.00 26
238.00 58
238.50 58
238.50 61
239.00 19
240.00 58
240.00 60
241.50 22
241.50 58
244.50 60
244.50 75
245.00 56
245.00 75
246.00 58
246.50 55
246.50 83
249.00 56
250.00 52
250.00 76
250.50 76
250.50 80
251.50 49
254.00 54
254.50 4
254.50 18
254.50 20
254.50 39
254.50 64
254.50 80
255.00 41
255.50 57
260.50 41
260.50 47
261.00 41
263.00 41
263.50 41
264.00 24
264.00 36
264.50 41
266.00 41
266.00 66
267.00 10
268.00 66
270.00 55
271.00 18
271.50 46
272.00 41
273.00 46
273.00 59
273.50 83
274.00 50
274.50 12
276.50 41
280.50 26
283.00 61
283.00 79
283.00 83
284.00 31
284.00 46
284.50 18
285.00 75
286.00 80
286.50 54
286.50 65
288.50 3
290.00 41
290.50 41
294.00 41
294.00 55
295.00 36
295.00 41
295.00 56
295.00 59
295.50 83
297.00 46
299.00 41
299.50 32
299.50 41
300.00 41
300.50 41
300.50 78
301.00 16
301.50 56
302.00 68
304.50 67
305.00 45
305.00 46
305.50 81
307.00 66
307.50 66
307.50 80
308.50 22
308.50 46
308.50 66
309.00 5
309.00 49
309.00 66
311.00 46
315.00 56
315.50 27
317.50 74
322.50 26
322.50 79
324.00 26
324.50 60
326.00 62
326.50 66
327.00 17
327.00 26
327.00 66
327.50 64
332.00 41
332.00 52
332.00 78
332.00 80
333.50 27
336.50 37
336.50 55
338.50 31
339.00 56
339.00 76
339.50 64
341.50 55
343.50 55
344.00 19
345.00 67
348.00 55
349.00 76
352.50 73
353.50 11
354.50 73
355.00 19
355.50 55
356.00 63
357.00 54
359.50 57
361.50 18
365.00 68
365.50 46
365.50 61
366.50 59
367.50 55
368.00 64
369.50 12
370.00 31
372.00 74
373.00 51
373.50 3
373.50 22
373.50 28
373.50 58
373.50 75
373.50 76
376.50 19
377.50 18
377.50 80
378.00 54
380.00 76
388.50 36
391.50 40
392.00 55
394.00 3
398.00 68
399.00 49
400.50 58
401.50 58
402.50 26
402.50 29
402.50 41
402.50 61
403.00 36
403.00 70
403.00 81
403.50 12
403.50 58
404.50 19
405.00 19
405.00 58
406.50 79
408.00 54
409.00 18
409.00 60
409.50 46
410.00 77
410.50 55
412.00 71
414.50 58
415.00 18
416.00 22
416.50 36
417.00 41
421.00 38
423.00 60
424.00 55
424.50 21
426.50 32
427.00 59
433.00 57
434.50 54
435.50 77
438.00 45
438.50 30
438.50 46
438.50 61
439.00 17
439.00 36
443.50 54
444.50 75
445.50 25
445.50 55
446.00 83
446.50 31
448.50 73
452.50 56
452.50 66
454.00 54
458.00 22
458.50 81
460.50 73
462.00 83
462.50 75
465.00 54
465.00 55
467.00 81
468.50 39
468.50 53
468.50 80
469.00 55
469.50 55
477.00 74
478.00 47
478.00 78
479.00 55
479.50 76
480.00 55
481.00 31
481.00 36
484.50 64
485.50 16
487.50 36
488.00 74
488.50 40
489.00 18
489.50 55
490.00 55
491.00 38
491.50 58
492.50 41
492.50 55
495.00 61
495.00 84
495.50 35
496.50 83
498.00 53
498.00 75
498.50 73
499.50 79
500.00 54
500.50 36
501.50 82
505.00 55
506.00 43
507.00 43
508.00 41
509.00 43
509.50 43
509.50 60
510.00 43
510.50 43
510.50 75
511.00 43
511.00 63
511.50 43
511.50 66
512.00 41
512.50 43
513.00 43
513.50 54
513.50 79
515.50 18
515.50 43
516.00 43
516.50 66
518.00 38
518.50 66
519.00 53
519.50 18
520.00 66
520.50 18
521.00 54
521.00 66
521.50 46
522.00 17
523.00 66
523.50 55
524.00 32
525.00 60
526.00 41
526.50 67
527.50 67
527.50 73
529.00 83
529.50 79
530.00 18
530.00 80
530.50 47
536.50 61
537.00 78
540.00 22
540.00 36
540.00 58
540.00 75
541.00 68
542.00 83
542.50 22
542.50 25
543.00 22
543.50 7
543.50 54
544.50 22
545.00 54
545.50 8
546.00 58
546.00 74
546.50 42
546.50 83
547.00 65
547.50 55
548.00 42
548.50 26
549.00 26
549.00 42
549.50 22
549.50 58
551.00 42
551.50 43
552.50 73
553.00 73
554.00 65
555.00 8
556.00 39
556.00 60
557.50 42
558.00 75
559.00 49
560.00 55
560.50 83
561.50 4
563.00 66
563.50 68
564.50 55
566.00 22
570.00 41
573.00 54
573.50 83
575.00 56
577.00 65
581.50 57
583.50 18
584.50 74
585.50 36
585.50 66
587.00 68
587.50 74
588.00 11
588.50 55
590.50 31
591.00 53
591.50 39
592.00 73
593.00 41
595.50 41
597.00 31
598.50 52
599.50 42
600.50 58
601.00 14
601.00 42
601.00 58
601.50 12
601.50 14
601.50 26
601.50 58
602.00 26
602.00 58
602.50 26
602.50 58
602.50 62
603.00 58
603.50 26
603.50 46
603.50 58
603.50 74
604.00 26
604.00 58
604.50 26
604.50 58
604.50 65
605.00 58
605.50 58
606.00 10
606.00 53
606.00 58
606.50 56
607.00 26
607.50 26
608.00 58
609.00 70
610.00 31
610.50 19
611.50 75
612.00 12
612.00 75
613.50 59
614.50 14
616.00 55
617.00 5
617.00 25
618.00 54
618.00 59
620.00 75
623.50 14
624.00 33
624.50 19
625.00 14
625.50 3
628.00 61
631.00 18
631.50 39
632.00 8
632.00 18
632.00 41
632.50 41
632.50 83
633.00 41
633.00 49
633.00 54
633.50 41
633.50 48
633.50 64
633.50 74
634.00 41
634.00 52
634.00 60
635.00 41
635.50 41
636.00 41
636.50 18
636.50 54
637.00 41
637.50 41
638.00 41
638.00 79
638.50 66
639.00 39
639.00 41
640.00 41
640.00 74
640.50 26
641.00 80
641.50 83
643.50 55
643.50 67
643.50 68
644.00 83
644.50 39
647.00 60
649.00 12
651.00 55
652.00 76
652.50 73
653.00 41
653.50 51
654.00 14
654.50 55
657.50 59
660.50 76
663.00 5
663.00 81
664.00 40
664.50 38
665.00 41
666.00 41
666.00 76
666.50 5
666.50 63
667.50 41
668.00 32
668.50 41
669.00 41
669.50 41
670.00 41
670.50 14
671.50 79
672.00 77
672.00 80
672.50 41
672.50 75
674.50 37
674.50 39
677.00 46
677.50 27
679.00 66
679.00 77
680.00 18
681.00 41
682.50 14
683.00 49
683.50 58
685.00 22
685.00 83
687.00 55
689.50 54
694.50 73
695.50 54
695.50 64
698.00 55
698.50 47
698.50 66
699.00 77
699.00 84
700.50 55
703.00 28
703.50 12
703.50 28
704.00 22
704.50 73
706.00 78
707.00 18
709.50 66
711.50 21
713.00 24
713.50 56
715.50 11
716.00 39
716.50 26
716.50 83
717.00 41
718.00 57
718.00 61
718.00 67
718.50 41
737.00 28
737.00 49
737.50 26
737.50 36
738.00 56
740.00 45
740.00 65
740.50 46
740.50 59
740.50 77
741.00 78
742.50 41
743.00 41
744.00 75
744.50 56
747.50 12
747.50 53
748.00 60
749.00 80
749.50 78
749.50 80
750.00 78
750.50 56
751.00 58
752.00 28
752.00 66
752.00 67
752.00 68
753.00 55
754.00 39
754.50 68
755.00 41
756.00 55
757.50 56
758.00 81
758.50 54
760.50 55
761.50 61
764.50 58
766.50 36
766.50 46
771.00 83
772.50 46
772.50 56
773.00 54
773.00 73
775.00 79
775.00 82
775.50 52
777.00 39
778.00 73
782.50 73
783.50 36
783.50 41
784.50 70
785.50 65
786.00 58
787.00 39
787.00 76
789.00 36
791.50 58
791.50 70
793.50 54
794.50 10
795.00 29
796.50 83
797.00 18
798.50 32
798.50 39
798.50 58
799.00 22
799.00 55
799.50 64
801.00 31
801.50 54
809.50 18
811.50 19
814.50 22
816.00 83
816.50 59
817.00 54
817.50 16
819.00 80
819.50 60
825.00 55
826.50 83
827.50 73
831.50 38
832.50 22
833.50 79
836.00 74
836.50 75
838.00 19
839.00 42
839.00 60
839.00 75
840.00 37
842.00 45
843.50 54
845.00 82
848.50 70
849.50 1
850.50 18
850.50 75
850.50 78
851.00 55
854.00 17
854.00 36
854.00 55
855.00 61
858.00 54
859.00 80
860.00 41
862.50 18
864.00 38
865.50 83
866.00 67
866.50 46
867.00 54
867.50 41
867.50 46
868.00 45
868.00 55
868.50 40
870.50 83
871.00 66
871.50 68
876.50 45
877.00 73
877.50 18
877.50 63
877.50 81
878.50 36
879.00 56
879.50 66
880.00 66
881.00 43
881.00 74
882.00 66
882.50 53
883.00 60
883.00 66
883.50 66
883.50 74
884.00 43
884.00 53
885.00 43
885.50 43
886.00 22
886.00 43
886.00 66
886.50 43
887.50 43
888.00 43
889.00 43
889.50 4
889.50 66
889.50 79
890.00 22
890.00 65
890.50 43
890.50 54
890.50 58
891.50 66
893.50 53
894.50 18
895.50 31
896.00 74
897.00 18
897.50 18
898.50 12
900.00 53
900.00 80
902.50 59
902.50 76
905.00 32
907.50 26
907.50 58
907.50 62
908.00 36
908.00 45
908.50 22
909.00 49
909.50 58
909.50 68
910.50 54
911.00 75
911.50 22
911.50 68
912.00 22
912.50 22
912.50 53
912.50 58
913.00 54
913.50 22
914.50 22
914.50 35
914.50 54
914.50 55
914.50 59
914.50 61
914.50 67
915.50 22
915.50 41
915.50 54
916.00 22
916.00 56
917.00 54
917.00 55
917.50 55
917.50 58
918.00 52
918.00 58
918.00 61
918.00 83
918.50 83
919.50 54
920.00 12
920.00 55
920.00 83
921.00 25
922.00 46
922.50 55
923.00 42
923.50 26
923.50 52
924.00 18
925.50 39
925.50 75
927.00 37
927.00 58
929.00 8
929.00 58
930.00 42
930.00 55
930.00 83
931.50 38
932.50 58
932.50 73
933.00 41
933.50 53
934.00 55
940.50 54
941.50 36
943.00 37
943.50 73
944.00 22
944.00 27
945.00 41
945.50 74
947.50 76
949.00 55
950.00 74
951.00 40
951.50 52
952.50 55
954.50 36
954.50 65
956.00 29
957.50 58
958.00 55
960.00 55
963.00 9
963.00 55
963.50 40
965.00 56
966.50 11
968.00 31
968.00 63
968.50 55
969.00 36
970.00 58
970.00 75
970.50 58
971.00 58
971.50 26
971.50 58
972.00 14
972.00 26
972.00 42
972.00 55
972.00 58
972.50 26
972.50 58
973.00 26
973.00 58
973.50 26
973.50 58
974.00 23
974.00 58
974.50 26
974.50 58
975.00 58
975.50 58
977.50 50
978.00 65
978.50 18
978.50 27
979.00 13
979.50 57
982.00 14
983.00 32
984.00 32
985.50 5
986.50 36
987.50 70
988.00 41
988.50 55
989.00 3
990.50 61
990.50 75
991.50 39
992.00 12
992.50 32
993.50 5
994.00 27
994.50 32
995.50 59
998.00 12
998.00 31
998.00 41
1002.00 73
1002.00 74
1003.00 18
1003.00 41
1004.00 75
1004.00 78
1004.00 80
1005.50 39
1005.50 54
1006.00 41
1006.50 14
1006.50 39
1006.50 41
1006.50 80
1007.00 38
1007.00 41
1007.50 41
1007.50 75
1008.00 1
1008.00 9
1008.00 41
1008.00 55
1008.00 76
1008.00 79
1008.50 12
1008.50 18
1008.50 24
1008.50 41
1008.50 78
1009.00 41
1009.50 26
1009.50 41
1009.50 49
1010.00 39
1010.00 41
1010.50 41
1010.50 63
1011.00 41
1011.00 66
1011.50 26
1011.50 60
1011.50 66
1012.00 41
1012.50 41
1014.50 41
1015.00 41
1016.50 26
1016.50 73
1017.50 56
1017.50 74
1018.50 41
1019.00 83
1020.00 9
1020.50 41
1021.00 64
1021.00 78
1022.50 55
1023.00 11
1023.00 41
1023.50 57
1026.50 54
1027.00 22
1032.00 26
1035.50 41
1036.50 18
1037.00 61
1037.50 38
1037.50 41
1037.50 75
1038.50 41
1038.50 70
1039.00 41
1039.50 41
1040.00 41
1042.00 14
1042.00 80
1042.50 83
1043.00 29
1043.00 60
1045.50 60
1048.50 9
1049.50 46
1049.50 76
1050.00 18
1050.00 66
1050.50 41
1050.50 83
1051.50 46
1051.50 79
1051.50 83
1052.00 66
1052.00 75
1052.50 76
1053.50 73
1054.00 78
1054.50 55
1057.50 38
1058.50 46
1059.00 26
1059.50 14
1059.50 28
1062.50 58
1063.50 8
1065.50 55
1066.00 74
1067.00 80
1071.00 62
1071.50 46
1073.00 55
1075.50 55
1076.00 26
1076.00 45
1076.00 53
1076.50 77
1077.50 5
1077.50 53
1080.50 32
1082.50 22
1083.00 41
1083.00 54
1086.50 65
1086.50 74
1088.00 55
1088.50 53
1089.00 62
1091.00 66
1092.50 26
1093.50 2
1093.50 4
1093.50 7
1093.50 9
1093.50 13
1093.50 15
1093.50 20
1093.50 22
1093.50 26
1093.50 29
1093.50 30
1093.50 31
1093.50 41
1093.50 49
1093.50 55
1093.50 59
1093.50 61
1093.50 62
1093.50 64
1093.50 66
1093.50 76
1093.50 77
1093.50 78
1093.50 79
1093.50 80
1093.50 83
1094.00 3
1094.00 73
1095.50 46
1096.50 66
1097.50 19
1101.50 1
1101.50 46
1101.50 75
1104.00 41
1104.50 13
1104.50 59
1105.50 27
1106.50 17
1107.00 24
1108.00 54
1109.50 29
1109.50 68
1110.00 52
1110.00 83
1111.00 80
1111.50 82
1112.50 18
1113.00 18
1113.50 76
1114.50 49
1116.00 49
1116.00 73
1116.50 60
1119.50 51
1119.50 60
1120.50 56
1122.00 18
1122.00 57
1122.00 66
1123.00 46
1123.00 55
1124.50 83
1126.00 83
1126.50 22
1127.00 12
1128.00 58
1128.50 52
1128.50 58
1129.00 80
1129.00 83
1130.50 36
1132.00 31
1133.00 36
1133.00 55
1138.50 41
1139.50 79
1140.00 45
1141.00 41
1141.50 35
1144.50 15
1145.50 84
1157.00 27
1157.00 55
1157.50 3
1157.50 75
1158.00 76
1161.00 73
1163.00 73
1165.50 38
1170.50 55
1171.00 41
1172.50 73
1173.50 55
1173.50 81
1177.50 55
1178.00 56
1179.00 26
1179.00 27
1179.00 36
1179.50 22
1183.50 78
1185.00 39
1185.00 59
1185.00 67
1185.00 75
1185.00 76
1185.00 83
1186.00 46
1187.00 8
1187.00 80
1188.50 22
1188.50 81
1189.00 3
1189.00 32
1189.50 76
1190.00 80
1190.50 53
1191.00 57
1191.50 19
1194.00 55
1194.00 68
1194.50 46
1196.00 83
1196.50 12
1196.50 46
1196.50 58
1198.00 22
1198.00 54
1199.50 60
1200.00 55
1201.00 19
1201.00 73
1201.50 19
1201.50 53
1204.00 31
1205.00 78
1207.50 74
1208.00 59
1212.50 17
1215.50 28
1216.00 83
1218.00 80
1219.00 84
1220.50 60
1220.50 74
1221.00 41
1221.50 41
1222.00 74
1223.50 39
1226.50 76
1227.50 55
1231.00 33
1231.50 8
1231.50 12
1231.50 71
1231.50 74
1231.50 83
1232.00 38
1232.00 55
1232.00 79
1232.00 80
1232.50 83
1233.50 61
1234.00 54
1234.50 76
1235.50 18
1235.50 36
1235.50 54
1236.00 19
1236.00 84
1236.50 79
1239.00 18
1239.50 18
1239.50 25
1239.50 40
1239.50 55
1240.00 25
1240.00 73
1240.50 18
1240.50 55
1240.50 67
1242.00 18
1242.00 46
1246.50 41
1247.00 36
1248.00 66
1250.00 66
1251.00 66
1253.00 61
1253.00 66
1254.50 35
1255.50 11
1255.50 60
1256.00 18
1256.00 43
1256.00 66
1256.50 43
1258.50 43
1259.00 22
1259.00 43
1259.00 55
1259.00 82
1259.50 18
1259.50 43
1260.00 43
1260.50 43
1260.50 55
1261.00 43
1262.00 9
1262.00 43
1262.50 43
1263.00 19
1263.00 46
1263.00 55
1263.50 39
1263.50 43
1264.00 43
1264.50 41
1264.50 62
1265.50 43
1265.50 55
1266.50 46
1269.50 45
1270.00 37
1270.50 43
1274.50 12
1274.50 58
1274.50 81
1275.00 58
1276.00 22
1276.00 54
1276.00 58
1276.00 68
1278.00 68
1278.00 75
1278.50 32
1279.00 22
1279.00 47
1279.50 22
1282.00 22
1282.00 54
1282.50 22
1283.00 46
1283.50 58
1284.00 4
1284.00 55
1284.50 65
1285.50 46
1285.50 52
1285.50 58
1286.50 49
1287.00 58
1289.00 67
1290.00 25
1291.00 14
1292.50 24
1292.50 29
1293.50 32
1294.50 66
1295.50 39
1297.50 10
1298.50 14
1298.50 42
1299.00 75
1300.00 8
1300.50 19
1300.50 22
1300.50 25
1301.00 49
1302.50 38
1303.00 19
1305.50 41
1308.00 41
1308.00 52
1308.00 58
1308.50 36
1308.50 57
1309.00 55
1310.00 54
1312.50 33
1313.00 54
1313.50 68
1314.00 40
1314.50 32
1324.00 55
1329.00 55
1334.50 26
1338.00 58
1338.50 26
1338.50 58
1338.50 65
1339.00 26
1339.00 58
1339.50 26
1339.50 42
1339.50 58
1340.00 58
1340.50 58
1341.00 55
1341.00 58
1341.50 26
1341.50 58
1342.00 26
1342.00 55
1342.00 58
1342.50 14
1342.50 58
1343.00 58
1343.50 58
1344.50 58
1345.00 38
1345.00 83
1345.50 58
1346.00 83
1346.50 75
1347.50 58
1349.00 63
1350.50 75
1351.00 65
1351.50 83
1353.00 83
1353.50 76
1354.00 36
1356.50 55
1360.50 47
1360.50 55
1361.00 25
1361.00 81
1362.00 18
1363.50 76
1364.00 29
1364.00 57
1364.00 73
1365.00 84
1365.50 14
1367.00 14
1367.00 55
1369.00 60
1374.50 8
1375.50 66
1376.00 39
1376.50 73
1377.50 13
1378.00 43
1379.00 8
1379.00 60
1379.50 41
1379.50 75
1380.00 27
1380.00 41
1380.00 45
1380.00 55
1380.50 26
1380.50 41
1382.00 26
1382.00 41
1382.00 80
1382.50 41
1382.50 60
1383.00 41
1383.00 81
1383.50 41
1384.00 41
1384.50 41
1384.50 79
1385.50 41
1386.00 55
1386.50 41
1386.50 74
1387.00 41
1387.50 31
1388.00 41
1388.50 5
1388.50 26
1388.50 54
1389.50 41
1390.00 41
1390.50 54
1390.50 75
1390.50 81
1392.00 14
1392.00 26
1393.50 70
1394.00 12
1394.00 83
1394.50 12
1395.00 27
1395.00 75
1395.00 78
1395.50 55
1396.50 64
1398.00 26
1398.00 66
1398.50 8
1400.00 59
1400.50 83
1401.50 73
1403.00 73
1407.50 41
1408.00 79
1408.50 41
1408.50 56
1409.00 41
1409.50 41
1410.00 41
1410.00 83
1411.00 59
1413.00 7
1413.00 37
1413.50 73
1415.00 27
1415.50 74
1416.00 9
1416.00 46
1417.00 39
1419.00 70
1419.50 26
1420.50 18
1420.50 26
1420.50 32
1420.50 38
1420.50 66
1421.50 18
1421.50 46
1421.50 66
1422.00 61
1422.00 83
1423.00 18
1423.50 32
1423.50 41
1423.50 68
1423.50 84
1424.00 39
1424.50 59
1425.00 18
1425.00 81
1425.50 8
1426.50 31
1427.50 66
1428.50 46
1430.00 76
1430.50 22
1430.50 26
1430.50 56
1435.50 58
1435.50 80
1441.00 62
1441.50 41
1445.00 55
1446.00 55
1448.00 55
1448.50 8
1451.00 42
1451.50 51
1456.50 78
1457.00 41
1459.00 13
1460.50 65
1461.50 55
1462.00 77
1465.50 18
1465.50 54
1467.00 14
1467.00 55
1468.50 27
1473.00 18
1473.00 65
1473.50 41
1473.50 47
1474.00 32
1474.50 18
1475.00 27
1477.00 46
1478.00 75
1478.50 19
1479.50 46
1480.00 55
1480.50 27
1484.00 4
1485.00 54
1490.50 26
1491.50 58
1491.50 60
1492.00 40
1493.00 55
1494.00 78
1494.50 51
1495.00 60
1495.50 44
1495.50 75
1496.00 61
1496.50 28
1496.50 69
1498.00 55
1499.00 81
1500.50 33
1500.50 73
1504.00 83
1504.50 68
1508.00 75
1509.00 36
1510.00 41
1510.00 80
1510.00 83
1514.00 49
1515.00 55
1515.00 60
1515.50 54
1515.50 55
1517.50 52
1517.50 56
1517.50 77
1518.00 41
1520.50 31
1521.00 61
1522.00 41
1525.00 39
1526.00 36
1528.00 26
1528.00 41
1528.50 58
1529.50 59
1529.50 84
1530.50 12
1531.00 51
1532.50 73
1533.00 54
1535.00 27
1535.50 58
1535.50 67
1536.50 73
1537.50 41
1538.00 77
1540.50 76
1542.50 54
1542.50 78
1543.00 62
1544.50 36
1545.50 83
1547.00 9
1547.50 56
1548.50 58
1549.00 18
1549.00 41
1549.00 74
1549.00 80
1550.00 57
1550.00 64
1550.50 55
1552.50 3
1552.50 54
1554.00 32
1555.50 58
1560.00 62
1560.50 61
1561.00 22
1561.00 46
1561.00 55
1561.00 81
1561.50 55
1561.50 66
1561.50 75
1562.00 12
1562.00 41
1562.00 54
1562.50 82
1564.50 46
1565.50 29
1565.50 37
1565.50 47
1566.50 79
1566.50 80
1568.00 83
1569.50 3
1570.00 55
1570.00 73
1570.00 76
1570.50 61
1572.50 29
1572.50 73
1574.00 36
1574.00 54
1574.50 1
1574.50 19
1575.00 59
1575.00 82
1575.50 75
1575.50 83
1576.00 76
1576.50 19
1576.50 74
1577.00 75
1577.00 83
1577.50 40
1578.00 78
1578.50 12
1093.5 1
1093.5 2
1093.5 3
1093.5 4
1093.5 5
1093.5 6
1093.5 7
1093.5 8
1093.5 9
1093.5 10
1093.5 11
1093.5 12
1093.5 13
1093.5 14
1093.5 15
1093.5 16
1093.5 17
1093.5 18
1093.5 19
1093.5 20
1093.5 21
1093.5 22
1093.5 23
1093.5 24
1093.5 25
1093.5 26
1093.5 27
1093.5 28
1093.5 29
1093.5 30
1093.5 31
1093.5 32
1093.5 33
1093.5 34
1093.5 35
1093.5 36
1093.5 37
1093.5 38
1093.5 39
1093.5 40
1093.5 41
1093.5 42
1093.5 43
1093.5 44
1093.5 45
1093.5 46
1093.5 47
1093.5 48
1093.5 49
1093.5 50
1093.5 51
1093.5 52
1093.5 53
1093.5 54
1093.5 55
1093.5 56
1093.5 57
1093.5 58
1093.5 59
1093.5 60
1093.5 61
1093.5 62
1093.5 63
1093.5 64
1093.5 65
1093.5 66
1093.5 67
1093.5 68
1093.5 69
1093.5 70
1093.5 71
1093.5 72
1093.5 73
1093.5 74
1093.5 75
1093.5 76
1093.5 77
1093.5 78
1093.5 79
1093.5 80
1093.5 81
1093.5 82
1093.5 83
1093.5 84
