# This file specifies the times (floored bkjd) and skygroups during which
# an anomalous number of long-period (>50 days) transits were detected.
#
# bkjd skygroup
131.50 36
131.50 59
132.50 56
133.50 41
133.50 43
133.50 67
134.00 12
134.00 43
134.00 55
134.00 78
134.50 4
135.00 54
135.00 75
135.00 78
135.50 43
136.00 41
136.00 43
136.00 54
136.00 75
137.00 26
137.00 43
137.00 82
137.50 43
138.00 37
138.00 43
138.00 76
138.50 39
138.50 43
138.50 45
138.50 61
139.00 78
139.50 14
139.50 36
139.50 43
139.50 56
139.50 73
140.00 16
140.00 19
140.00 43
140.50 74
140.50 77
141.00 4
141.00 40
141.00 61
141.50 83
142.00 14
142.00 42
142.50 42
143.00 82
143.50 14
143.50 78
144.00 19
144.50 41
144.50 43
144.50 77
145.00 46
145.00 57
145.00 73
145.00 78
145.50 5
145.50 18
145.50 61
146.00 18
146.00 54
146.50 54
146.50 75
146.50 76
146.50 78
147.00 4
147.00 22
147.00 29
147.50 39
147.50 62
147.50 74
148.50 26
148.50 38
148.50 59
149.50 36
149.50 54
149.50 66
150.50 26
150.50 74
150.50 79
151.00 35
151.50 55
151.50 65
151.50 75
151.50 78
152.00 4
152.00 35
152.50 35
152.50 57
152.50 73
152.50 75
153.00 22
153.00 46
153.50 44
154.00 18
154.00 35
154.00 42
154.50 66
154.50 82
154.50 84
155.00 38
155.00 74
155.50 42
156.00 78
156.00 80
157.00 22
157.00 54
157.00 76
157.50 12
157.50 29
158.00 36
158.00 47
158.00 57
158.50 5
158.50 49
159.00 75
159.50 19
159.50 54
159.50 55
159.50 78
160.00 2
160.00 9
160.50 35
160.50 37
160.50 78
160.50 79
161.00 41
161.00 73
161.50 36
161.50 37
161.50 57
161.50 75
162.00 17
162.00 59
162.00 75
162.00 81
162.00 83
162.50 29
162.50 43
162.50 51
162.50 53
162.50 55
163.00 19
163.00 75
163.50 42
171.00 52
171.50 42
171.50 49
171.50 58
172.00 36
172.00 42
172.00 58
172.50 14
172.50 18
172.50 49
172.50 58
172.50 59
173.00 18
173.00 36
173.00 42
173.00 54
173.00 58
173.00 75
173.50 22
173.50 41
173.50 55
174.00 20
174.00 35
174.00 55
174.00 62
174.50 26
174.50 42
174.50 83
175.00 11
175.50 35
175.50 39
175.50 42
175.50 62
176.00 8
176.00 11
176.00 82
176.50 4
176.50 19
176.50 26
176.50 60
177.00 4
177.00 25
177.00 35
177.00 41
177.00 80
177.50 11
178.00 25
178.00 42
178.00 61
179.00 77
179.00 81
179.50 54
180.00 12
182.00 51
182.50 13
182.50 14
182.50 22
182.50 28
182.50 59
183.00 55
183.50 4
184.00 36
184.50 18
184.50 20
184.50 22
185.00 18
185.00 55
185.50 3
185.50 18
186.00 4
186.00 18
186.00 52
186.00 58
186.00 62
186.00 75
186.00 83
186.50 10
186.50 18
186.50 39
186.50 58
187.00 18
187.00 25
187.00 63
187.50 4
187.50 75
188.00 19
188.50 49
188.50 78
189.00 73
189.00 75
189.50 61
190.00 55
190.00 76
190.50 38
190.50 41
190.50 58
190.50 64
190.50 75
191.00 83
191.50 66
192.00 26
192.00 36
192.00 41
192.00 75
192.50 76
193.00 36
193.00 38
193.00 77
193.50 14
193.50 82
193.50 83
194.50 32
194.50 54
195.00 61
195.00 82
195.50 15
195.50 46
196.00 57
196.00 68
196.50 14
196.50 75
197.00 9
197.00 35
197.50 59
197.50 73
198.00 80
199.00 61
199.00 73
199.50 27
199.50 41
199.50 78
200.00 83
200.50 64
200.50 80
201.00 5
201.00 61
201.50 12
201.50 36
202.50 84
203.00 49
203.00 75
203.50 50
203.50 74
204.00 14
204.00 55
204.50 55
205.00 54
205.50 41
205.50 75
206.00 71
207.00 26
207.00 46
207.50 12
208.00 79
208.50 41
208.50 46
208.50 61
209.00 19
209.00 80
209.50 5
209.50 55
210.50 5
210.50 8
211.00 41
211.00 82
211.50 65
212.50 51
212.50 70
213.00 27
213.00 63
213.50 4
213.50 27
213.50 80
214.00 42
214.00 51
214.50 24
214.50 82
215.00 75
215.00 84
215.50 77
216.00 25
216.00 26
216.00 60
216.00 75
217.00 77
217.50 58
217.50 83
218.00 41
218.50 40
219.00 11
219.50 35
219.50 79
220.00 51
220.50 78
221.00 78
221.50 37
221.50 55
222.00 36
222.00 61
222.50 10
222.50 28
222.50 49
222.50 78
223.50 8
223.50 28
223.50 42
224.00 8
224.00 22
224.00 24
224.00 78
224.50 12
224.50 43
225.00 41
225.50 52
226.00 19
226.50 26
226.50 35
227.00 35
227.00 83
228.00 55
228.50 35
228.50 75
229.00 5
230.00 49
230.50 58
230.50 74
231.00 26
231.00 58
231.00 75
231.50 26
231.50 58
232.00 26
232.00 58
232.50 26
232.50 58
233.00 26
233.00 58
233.50 26
233.50 46
233.50 58
233.50 75
234.00 58
234.00 67
234.50 26
234.50 58
234.50 82
235.00 4
235.00 19
235.00 26
235.00 53
235.00 58
235.00 75
235.50 58
236.00 3
236.00 26
236.00 58
236.00 63
236.00 67
236.50 25
236.50 35
236.50 55
237.00 26
237.50 55
237.50 58
237.50 59
237.50 75
237.50 83
238.00 28
238.50 14
238.50 26
238.50 56
238.50 58
239.00 26
239.50 58
240.00 26
240.50 19
240.50 35
240.50 73
240.50 77
241.00 49
241.50 15
241.50 25
241.50 28
241.50 46
242.00 35
242.00 74
243.00 55
243.50 14
243.50 61
243.50 77
244.00 25
244.00 58
244.00 60
244.00 75
244.50 3
244.50 54
245.50 9
245.50 36
246.50 8
246.50 11
246.50 23
246.50 54
246.50 55
246.50 67
246.50 80
247.00 10
247.00 35
247.00 61
247.00 65
247.00 75
247.50 4
247.50 61
248.00 55
248.50 55
248.50 84
249.50 61
250.00 11
250.00 83
250.50 17
250.50 34
250.50 57
250.50 60
250.50 75
251.00 4
251.00 20
251.00 22
251.00 64
251.50 68
252.00 14
252.00 26
252.50 21
253.00 14
253.00 36
253.00 38
253.00 46
253.00 65
253.50 29
253.50 41
253.50 63
254.00 26
254.00 36
254.50 4
254.50 57
254.50 83
255.00 9
255.00 27
255.00 31
255.00 55
255.50 55
256.00 73
256.50 46
256.50 78
257.00 52
257.50 35
260.00 5
260.50 36
261.00 41
261.50 41
262.50 55
262.50 61
263.00 41
263.00 83
263.50 19
263.50 41
263.50 51
263.50 52
264.00 38
264.00 41
264.00 58
264.50 29
264.50 41
264.50 55
264.50 61
265.00 27
265.00 36
265.00 41
265.50 66
266.00 36
266.00 38
266.00 53
266.00 55
266.50 80
267.50 46
268.00 53
268.00 67
268.00 75
268.00 80
268.50 36
269.00 75
270.50 18
270.50 57
271.00 34
271.00 84
271.50 24
271.50 66
271.50 79
272.00 62
274.00 74
274.00 82
274.50 58
275.00 73
275.50 69
275.50 75
276.50 17
276.50 74
277.50 46
277.50 54
277.50 79
278.50 83
279.00 41
279.50 12
280.00 49
282.00 54
282.50 51
283.00 32
285.00 75
285.50 49
286.00 12
286.00 22
286.00 36
286.50 55
286.50 64
287.00 64
287.00 73
287.50 21
287.50 38
287.50 80
288.00 26
288.00 54
288.00 55
290.00 68
290.50 53
290.50 61
291.00 9
291.50 44
291.50 56
292.50 67
293.00 55
293.50 19
293.50 78
294.00 29
294.00 41
294.00 55
295.00 27
295.50 55
295.50 82
296.00 32
296.50 48
296.50 55
296.50 73
297.00 54
297.00 66
297.50 41
297.50 51
297.50 55
297.50 77
297.50 78
298.00 73
298.00 81
298.50 51
299.00 73
299.50 41
299.50 62
299.50 83
300.50 78
301.00 34
301.00 41
301.50 41
302.00 77
302.50 5
302.50 55
303.00 11
303.00 61
303.00 78
304.00 66
304.00 83
304.50 41
305.00 5
305.00 23
305.00 46
305.00 73
305.00 80
305.50 46
305.50 51
305.50 79
306.00 74
306.50 19
306.50 35
306.50 41
306.50 55
307.00 66
307.50 41
307.50 46
307.50 57
307.50 66
307.50 71
307.50 77
308.00 8
308.00 18
308.00 83
308.50 66
309.00 46
309.00 66
309.50 66
310.00 50
310.50 9
310.50 41
310.50 56
311.00 33
311.00 83
311.50 33
312.00 26
312.00 54
312.00 74
312.00 75
312.50 38
312.50 75
313.00 58
313.00 66
313.50 13
313.50 39
313.50 78
313.50 80
313.50 81
314.00 8
314.50 26
315.00 43
315.00 73
315.50 41
316.00 4
316.00 77
316.50 43
316.50 76
317.00 19
317.00 74
317.50 74
317.50 84
318.50 54
318.50 63
318.50 75
319.00 12
319.00 74
320.00 58
320.50 22
322.50 5
323.00 38
323.00 80
323.00 82
323.50 75
323.50 79
324.50 31
325.50 41
325.50 58
325.50 80
326.00 37
326.00 61
326.00 71
326.50 46
327.00 4
327.00 17
327.00 19
327.50 18
327.50 19
328.00 37
328.00 43
328.00 55
328.50 4
329.50 5
330.00 60
330.50 83
331.00 4
331.00 34
331.50 11
332.00 14
332.00 52
332.50 18
333.00 44
333.00 63
333.50 27
333.50 75
335.00 36
335.50 83
336.00 52
336.50 25
336.50 60
337.00 12
337.00 55
337.00 60
337.00 75
337.50 36
337.50 49
337.50 55
338.50 28
339.00 41
339.50 63
339.50 75
340.50 55
341.00 14
341.00 19
341.00 41
341.00 49
341.50 5
342.00 46
342.50 81
342.50 83
342.50 84
343.00 54
343.00 59
343.00 78
343.50 41
343.50 81
344.00 55
344.00 56
344.00 69
345.50 14
345.50 36
345.50 79
346.00 12
346.00 56
347.00 10
347.00 18
347.00 22
347.50 54
348.00 73
348.50 52
353.00 44
354.00 9
354.00 78
354.50 53
355.00 41
355.00 73
355.50 17
355.50 22
355.50 73
355.50 76
355.50 78
356.50 24
356.50 83
357.00 36
357.00 78
357.50 25
357.50 27
358.00 55
358.00 65
358.50 80
359.00 61
360.00 33
360.00 54
360.00 72
360.00 78
361.00 41
361.00 61
361.00 75
361.50 18
361.50 28
361.50 75
361.50 78
362.50 25
362.50 55
362.50 78
363.00 49
363.00 55
363.00 79
363.50 61
364.00 9
364.00 63
364.50 84
365.00 19
365.00 25
365.50 59
366.00 55
366.00 61
366.00 76
366.00 83
367.00 19
367.00 64
367.00 74
367.50 71
368.00 42
368.00 55
368.00 79
368.00 83
369.00 78
369.50 10
369.50 12
369.50 65
369.50 78
370.00 19
370.00 58
370.00 73
370.00 78
370.00 83
370.50 26
370.50 33
371.00 83
372.00 4
372.00 54
372.00 71
372.50 42
372.50 73
372.50 78
373.00 49
373.00 78
373.50 4
373.50 14
373.50 22
373.50 26
373.50 46
373.50 51
373.50 58
373.50 70
373.50 73
373.50 74
373.50 83
374.00 55
374.00 66
374.50 58
374.50 74
375.00 31
375.00 41
375.00 42
375.50 4
375.50 57
376.00 42
376.50 13
376.50 32
376.50 38
376.50 46
376.50 75
377.00 62
377.00 73
377.50 8
377.50 38
377.50 46
377.50 75
378.00 27
378.00 61
378.00 62
378.00 66
378.00 70
378.50 73
379.00 13
379.00 78
379.00 80
379.50 4
379.50 74
379.50 78
380.00 54
380.00 58
380.50 68
381.00 28
381.50 20
381.50 68
381.50 74
382.00 55
382.00 78
384.50 55
384.50 68
385.00 8
385.00 35
386.50 14
386.50 41
386.50 46
386.50 57
386.50 79
387.00 63
387.00 70
387.00 78
387.50 68
388.00 19
388.00 26
388.50 40
388.50 55
389.00 54
389.00 55
389.00 75
390.00 8
390.00 66
390.00 75
391.00 42
392.00 25
392.00 36
392.50 42
393.00 19
393.00 57
393.00 74
393.50 49
393.50 52
393.50 61
393.50 82
394.00 4
394.00 26
394.50 33
395.50 46
395.50 78
397.00 9
397.00 51
397.50 51
398.00 22
398.00 54
398.00 78
398.50 12
399.00 49
399.00 78
399.50 78
400.00 39
400.50 55
401.00 35
401.50 58
401.50 61
402.00 4
402.00 62
402.50 58
403.00 65
403.00 75
403.00 76
403.50 55
403.50 58
403.50 79
404.00 26
404.00 78
404.50 54
405.00 35
405.00 75
405.50 18
405.50 35
405.50 61
406.00 35
406.00 41
406.00 47
406.00 60
406.00 61
406.50 56
407.00 18
407.50 54
407.50 81
408.00 42
408.50 19
408.50 38
408.50 54
408.50 75
409.00 31
409.00 36
409.00 55
409.50 37
409.50 56
409.50 64
410.00 7
410.00 51
410.00 81
410.50 49
412.50 54
412.50 55
412.50 65
413.00 42
413.00 57
413.50 53
413.50 75
414.50 78
415.00 19
415.00 36
415.00 41
415.00 82
416.00 10
416.00 61
416.00 67
416.00 78
417.00 9
417.00 52
417.00 76
417.00 78
418.00 41
418.50 55
419.00 38
419.50 14
420.00 41
420.50 61
421.00 56
421.00 61
421.00 83
421.50 78
422.00 84
423.00 66
424.00 54
425.50 55
426.00 41
426.00 78
426.50 75
427.00 41
427.00 73
427.50 75
428.00 4
428.00 46
428.00 78
428.50 4
428.50 75
429.00 56
429.00 60
429.00 61
429.50 36
429.50 38
430.00 34
430.00 42
430.00 46
430.50 79
430.50 80
431.00 11
431.00 73
431.50 73
432.00 14
432.00 38
432.50 73
432.50 76
433.50 32
433.50 63
433.50 77
434.00 26
434.00 60
434.00 75
434.00 83
434.50 59
434.50 77
435.00 35
435.00 55
435.00 75
435.50 4
435.50 25
435.50 35
436.00 61
436.50 76
437.50 46
438.00 46
438.50 45
439.00 51
439.50 36
439.50 55
439.50 59
440.50 35
440.50 55
443.50 78
444.50 13
444.50 55
444.50 57
445.50 33
445.50 42
445.50 76
445.50 83
446.00 41
446.00 73
446.00 82
446.50 3
446.50 9
446.50 55
447.00 64
447.00 75
448.00 41
448.50 54
448.50 57
448.50 73
449.00 32
449.00 61
449.00 80
449.50 35
449.50 36
449.50 67
450.00 61
450.00 75
450.50 4
450.50 32
450.50 35
451.00 4
451.50 83
452.00 55
452.50 56
452.50 79
453.00 12
453.00 22
453.50 17
453.50 38
453.50 42
453.50 60
453.50 67
454.00 8
454.00 27
454.50 4
455.00 35
455.00 36
455.00 72
455.50 24
455.50 42
456.00 11
456.00 12
456.50 36
456.50 68
456.50 80
457.00 32
457.00 55
457.00 74
457.00 79
457.50 4
457.50 55
457.50 56
458.00 78
458.50 42
458.50 54
459.00 39
459.50 25
460.00 75
460.50 22
460.50 63
461.00 1
461.50 37
461.50 56
462.50 19
462.50 75
463.50 4
463.50 55
463.50 61
463.50 77
464.00 4
464.50 22
465.00 29
465.00 46
465.00 60
465.00 66
465.50 24
465.50 26
466.00 18
466.00 45
466.00 55
466.50 75
467.00 37
467.00 43
467.00 76
467.50 61
467.50 75
468.50 74
469.50 41
469.50 76
469.50 84
470.00 5
470.50 35
471.00 37
471.50 19
471.50 57
471.50 81
472.00 13
472.00 73
472.00 82
472.50 26
472.50 41
472.50 61
473.00 36
474.00 46
474.00 54
475.00 4
475.00 6
475.00 41
475.00 71
475.50 34
476.00 12
476.00 36
476.00 61
477.00 61
477.50 27
478.00 19
478.00 37
478.00 78
478.50 25
478.50 26
478.50 68
478.50 81
478.50 83
479.50 9
480.00 19
480.50 36
480.50 61
480.50 84
481.00 55
481.00 60
482.00 14
482.00 41
482.00 57
482.00 78
482.50 41
482.50 42
482.50 78
483.00 9
483.50 76
484.00 78
484.50 55
485.00 55
485.00 78
485.50 75
486.00 39
486.00 60
486.00 78
487.00 74
487.00 83
488.50 78
489.50 19
489.50 70
490.00 21
490.00 62
490.00 75
490.50 46
491.00 35
491.00 55
491.00 73
491.50 73
492.00 36
492.50 35
492.50 41
493.00 35
493.50 5
493.50 70
493.50 78
494.00 18
494.00 46
494.50 22
494.50 55
495.00 55
495.00 78
495.50 30
495.50 57
495.50 61
495.50 75
495.50 78
496.00 34
496.50 35
496.50 78
497.00 70
497.50 35
497.50 38
499.50 5
499.50 12
499.50 14
500.00 26
500.00 28
500.00 54
500.00 81
500.50 41
500.50 80
501.00 66
501.00 78
501.50 43
501.50 67
501.50 73
501.50 78
502.50 59
504.50 9
505.50 75
506.50 43
506.50 46
507.00 43
507.00 73
507.50 43
507.50 55
507.50 66
508.00 18
508.00 43
508.00 83
508.50 43
508.50 55
508.50 61
508.50 83
509.00 38
509.00 75
510.00 57
510.00 78
510.50 43
510.50 46
510.50 78
511.00 43
511.00 70
511.50 37
511.50 43
511.50 55
511.50 75
511.50 83
512.00 22
512.50 12
512.50 43
512.50 66
513.00 36
513.00 43
513.00 80
513.50 43
513.50 70
513.50 82
514.00 43
514.50 10
514.50 26
514.50 29
514.50 66
515.00 18
515.50 43
515.50 73
516.00 4
516.00 27
516.00 43
516.50 40
516.50 43
516.50 67
517.00 78
517.00 83
517.50 35
518.00 66
518.00 71
518.50 47
519.00 43
519.00 76
519.50 66
520.00 78
520.50 38
520.50 83
521.00 66
521.50 37
522.00 55
522.00 66
522.00 80
522.50 41
522.50 75
523.00 60
523.50 22
523.50 39
523.50 56
523.50 75
524.00 66
524.50 12
524.50 66
525.00 8
525.00 38
525.00 66
526.00 55
527.00 54
527.00 64
527.00 82
527.50 8
527.50 55
527.50 75
528.00 46
528.00 61
528.50 36
528.50 42
529.00 83
529.50 54
529.50 55
529.50 79
530.50 61
531.50 75
532.00 5
532.50 37
533.00 10
533.00 57
533.00 75
533.50 18
534.00 19
535.00 78
535.00 82
535.50 42
536.00 18
536.00 83
536.50 11
537.00 78
537.50 75
538.00 12
539.50 82
540.00 14
540.00 58
540.00 62
540.50 36
541.00 41
541.50 36
541.50 55
541.50 68
542.00 36
542.50 61
543.00 36
543.00 49
543.00 51
543.00 61
543.00 68
543.50 26
543.50 55
543.50 66
543.50 74
544.00 19
544.00 54
544.50 26
544.50 75
545.00 42
545.00 54
545.00 61
545.50 22
545.50 37
545.50 42
545.50 58
545.50 84
546.00 53
546.00 62
546.50 59
547.00 19
547.00 42
547.00 46
547.00 61
547.50 42
547.50 58
547.50 73
548.00 36
548.00 55
548.00 61
548.50 26
548.50 42
549.00 42
549.00 54
549.00 58
549.00 68
549.50 11
550.00 12
550.00 26
550.00 41
550.50 45
550.50 61
551.00 26
551.00 75
551.50 36
551.50 42
552.00 51
552.50 23
552.50 28
552.50 42
553.50 22
553.50 57
553.50 58
554.00 4
554.50 56
554.50 62
555.00 8
555.00 25
555.00 61
555.50 82
556.00 8
556.00 39
556.00 73
556.50 42
556.50 44
557.00 55
558.00 67
559.00 11
559.00 55
559.00 67
559.00 83
559.50 49
560.50 52
560.50 63
560.50 83
561.00 4
561.00 75
561.50 4
561.50 57
561.50 61
562.50 31
562.50 36
563.50 54
564.00 55
564.50 35
565.00 61
565.50 29
565.50 52
566.50 21
567.00 61
568.50 62
569.00 64
569.50 38
569.50 54
569.50 58
570.00 58
570.50 75
571.00 71
572.00 5
572.00 54
572.00 75
572.50 8
572.50 22
572.50 35
572.50 46
572.50 51
573.00 28
573.00 37
573.00 41
573.00 68
574.50 58
575.00 58
575.50 37
575.50 46
576.50 26
577.00 8
577.00 61
577.00 65
578.00 61
578.50 39
579.00 73
579.50 14
579.50 41
580.00 55
580.50 35
580.50 56
580.50 61
581.50 4
581.50 37
581.50 41
582.00 43
582.00 65
583.50 55
583.50 65
584.00 75
584.50 57
585.00 23
585.50 46
586.00 5
586.00 35
586.00 38
586.00 41
586.00 74
586.50 14
586.50 19
586.50 55
586.50 82
587.00 35
587.50 41
587.50 74
588.00 4
588.00 20
588.00 38
588.00 39
588.00 54
588.50 14
588.50 60
589.00 36
589.50 28
589.50 35
589.50 61
590.00 34
590.50 31
591.50 17
591.50 19
591.50 43
591.50 49
592.00 4
592.50 20
592.50 82
593.00 38
593.00 57
593.00 60
593.50 74
594.00 36
594.00 71
594.00 75
594.50 54
594.50 65
595.00 35
595.50 26
595.50 27
595.50 61
596.00 46
596.00 58
596.50 4
596.50 61
596.50 75
597.50 36
598.50 42
599.50 54
600.00 35
600.00 54
600.00 58
600.50 58
601.00 58
601.50 26
601.50 44
601.50 58
602.00 14
602.00 26
602.00 41
602.00 51
602.00 58
602.00 63
602.50 26
602.50 35
602.50 55
602.50 58
603.00 19
603.00 26
603.00 35
603.00 51
603.00 58
603.00 75
603.50 19
603.50 26
603.50 46
603.50 58
604.00 26
604.00 56
604.00 58
604.50 58
604.50 75
605.00 54
605.00 58
605.00 81
605.50 5
605.50 26
605.50 55
605.50 58
606.00 9
606.00 26
606.50 17
606.50 52
606.50 75
607.00 61
607.00 64
607.50 70
607.50 74
607.50 76
608.00 22
608.00 25
608.00 44
608.00 57
608.50 4
608.50 36
608.50 58
608.50 73
609.00 55
609.50 63
610.50 4
610.50 36
610.50 55
611.50 64
612.50 41
612.50 57
613.00 52
614.00 14
614.00 55
614.50 27
615.00 26
615.00 81
615.50 56
615.50 76
616.00 40
616.00 52
616.50 17
616.50 46
617.50 74
617.50 76
617.50 81
618.00 54
618.50 75
619.00 74
619.50 9
620.00 53
620.00 83
620.50 73
620.50 75
620.50 83
621.00 75
621.50 22
621.50 38
622.00 61
623.00 64
623.50 41
623.50 83
624.00 62
625.00 46
625.00 55
625.00 58
625.00 84
625.50 55
626.00 34
626.50 49
627.50 19
627.50 56
631.50 78
632.00 41
632.00 76
632.50 19
632.50 54
632.50 57
632.50 75
632.50 79
633.00 67
633.00 77
633.00 81
633.00 82
633.50 6
633.50 22
633.50 30
633.50 41
633.50 60
634.00 41
634.00 54
634.50 41
635.00 39
635.00 41
635.00 57
635.00 64
635.00 73
635.50 14
635.50 26
635.50 41
635.50 66
635.50 75
636.00 45
636.00 52
636.50 19
636.50 41
637.50 41
637.50 73
637.50 78
638.00 41
638.00 51
638.00 66
638.50 7
638.50 41
639.00 19
639.00 26
639.00 41
639.50 25
639.50 41
640.00 55
640.00 57
640.50 24
640.50 57
640.50 83
641.00 76
642.00 19
642.00 83
643.00 74
644.00 46
644.00 60
644.00 77
644.50 81
645.50 18
645.50 19
646.00 12
646.00 53
646.50 61
646.50 79
647.00 4
647.00 16
647.00 55
647.50 55
648.00 55
648.00 61
648.50 59
648.50 75
649.00 12
649.00 41
649.00 75
650.00 52
650.00 53
650.50 14
651.00 76
651.00 83
651.50 54
652.50 9
653.00 83
653.50 52
654.00 43
654.00 46
654.50 82
655.00 17
655.00 81
655.50 37
656.00 54
657.00 51
657.50 13
658.00 22
658.00 41
658.50 75
660.00 39
660.00 58
660.00 81
660.50 63
661.50 75
662.00 55
663.00 83
664.00 79
664.50 41
664.50 51
665.00 18
665.00 55
665.00 57
665.00 75
666.00 23
666.00 51
666.00 81
666.50 41
666.50 82
667.00 38
667.00 41
667.00 68
667.50 41
667.50 55
667.50 56
668.00 9
668.00 71
668.00 79
668.00 80
668.50 41
669.00 54
669.00 64
669.50 41
669.50 73
669.50 77
670.00 41
670.00 43
670.00 53
670.00 66
670.50 66
670.50 78
671.00 55
671.50 77
672.00 17
672.00 77
672.50 75
672.50 80
673.50 66
674.00 5
674.00 75
674.00 79
675.50 19
675.50 54
676.00 38
677.00 58
677.00 60
677.00 77
677.50 10
678.00 46
678.00 66
678.50 12
678.50 27
678.50 66
679.00 66
679.50 18
679.50 41
679.50 46
679.50 51
679.50 73
680.00 18
680.00 26
680.00 46
680.00 66
680.50 46
680.50 80
681.00 12
681.00 61
681.50 61
682.00 60
682.00 66
682.00 70
682.00 76
683.00 38
683.00 60
683.50 51
684.00 77
684.50 76
685.50 75
686.00 4
686.00 80
687.00 11
687.00 24
687.00 51
687.50 41
688.00 73
689.00 38
690.00 61
693.00 22
693.50 63
693.50 82
693.50 83
694.00 75
694.50 74
694.50 78
695.00 59
695.00 61
695.00 79
695.50 61
695.50 80
697.00 19
697.00 21
697.00 76
697.00 78
698.00 83
698.50 5
699.00 41
699.00 47
699.00 66
699.00 78
699.50 75
699.50 78
700.00 9
700.00 56
700.00 75
700.00 81
700.50 18
700.50 51
701.00 55
701.00 71
702.00 25
702.50 38
702.50 75
703.00 19
703.00 22
703.00 75
703.50 12
703.50 61
703.50 74
704.00 22
704.00 55
704.00 77
704.00 83
704.50 57
704.50 80
705.00 57
705.50 59
705.50 60
706.00 4
706.00 63
706.50 22
706.50 31
706.50 39
707.00 78
707.50 28
708.00 40
708.00 66
708.50 49
708.50 55
709.00 70
709.50 61
710.50 56
710.50 67
710.50 75
710.50 77
711.00 9
712.50 46
712.50 73
712.50 82
713.00 78
713.50 55
714.00 38
715.00 75
715.50 62
715.50 84
717.00 78
718.00 19
719.00 75
737.00 22
737.00 36
737.00 42
737.00 58
737.50 38
738.00 16
738.00 26
738.00 42
738.00 53
738.00 55
738.50 64
739.00 35
739.00 42
739.50 19
739.50 38
739.50 61
739.50 77
739.50 78
740.00 14
740.00 23
740.00 78
740.50 60
740.50 73
740.50 78
741.00 4
741.00 22
741.00 46
741.00 78
741.50 28
741.50 32
741.50 42
742.00 28
742.00 59
742.50 14
743.00 73
743.00 77
743.50 33
744.00 57
744.50 4
744.50 61
744.50 75
745.00 52
745.50 41
745.50 75
746.00 42
746.00 56
746.00 61
746.50 80
747.00 41
747.00 47
747.00 78
747.50 55
748.00 37
748.00 44
749.00 35
749.50 2
749.50 61
749.50 75
749.50 78
750.00 9
750.00 10
750.00 78
750.50 55
751.00 19
751.00 39
751.00 54
751.00 56
751.50 36
751.50 42
752.00 11
752.00 12
752.00 35
752.00 53
752.00 68
752.00 83
752.50 18
752.50 39
752.50 54
752.50 58
752.50 75
752.50 78
752.50 82
752.50 83
753.00 38
753.00 41
753.00 74
754.00 4
754.00 35
754.50 22
754.50 71
754.50 78
755.00 42
755.50 75
756.00 42
757.00 49
757.00 73
757.50 61
758.00 26
758.00 28
758.00 58
758.00 67
758.00 78
758.50 35
758.50 41
758.50 42
758.50 54
758.50 73
758.50 74
760.00 78
761.00 9
761.00 52
761.50 51
761.50 68
762.00 71
762.00 80
762.50 32
762.50 73
763.00 26
764.00 22
764.50 19
764.50 58
765.00 78
765.50 12
765.50 20
765.50 80
766.00 52
766.00 58
766.50 32
766.50 56
766.50 81
767.00 26
767.00 27
767.00 55
767.00 64
767.00 72
767.00 78
767.50 12
767.50 55
767.50 62
768.00 42
768.50 42
769.00 81
769.50 41
769.50 71
769.50 78
770.00 74
770.00 82
770.00 83
770.50 78
771.00 46
771.00 76
772.00 12
772.00 22
772.50 13
772.50 78
773.00 14
773.00 43
773.00 55
774.00 19
774.00 54
774.00 75
774.00 82
774.50 42
774.50 55
774.50 82
775.00 41
775.00 62
775.00 77
776.00 55
776.50 25
776.50 35
776.50 49
776.50 55
776.50 81
777.00 56
777.50 83
778.00 64
778.00 78
778.50 1
779.50 38
779.50 78
780.00 73
781.00 28
781.00 46
781.00 61
781.00 73
781.50 39
782.00 76
782.50 18
782.50 42
783.50 18
783.50 22
783.50 31
783.50 36
783.50 53
783.50 79
784.00 35
784.00 73
785.00 19
785.00 34
785.00 41
785.00 46
786.00 38
786.00 42
786.00 59
786.50 14
786.50 58
787.00 61
787.50 57
788.50 14
788.50 55
789.00 35
789.50 78
790.00 35
791.00 33
791.50 38
791.50 51
791.50 75
792.00 21
792.00 37
792.50 64
793.00 35
793.00 62
793.00 73
793.50 39
793.50 41
794.00 30
794.00 49
794.50 10
794.50 78
794.50 83
795.00 42
795.00 58
795.00 78
795.50 58
796.00 46
796.00 56
796.00 70
796.50 14
796.50 19
796.50 63
796.50 80
797.00 74
797.50 27
798.00 4
798.00 40
798.00 76
798.50 54
798.50 76
799.00 12
799.00 51
799.00 72
799.00 73
799.00 78
799.50 38
799.50 41
799.50 77
800.00 19
800.50 61
801.50 54
801.50 60
809.00 79
809.50 57
810.00 38
810.50 36
810.50 59
811.00 36
811.00 81
811.00 84
811.50 17
811.50 55
812.00 32
812.00 42
812.00 55
813.00 47
813.00 54
813.00 73
815.00 58
815.00 78
815.50 58
815.50 60
816.00 55
816.00 78
817.50 46
817.50 78
818.00 34
818.00 77
818.50 22
818.50 38
818.50 55
819.00 78
819.50 36
820.50 59
821.00 14
821.00 36
821.00 55
821.00 61
821.00 74
822.00 37
822.00 82
822.50 35
822.50 55
823.00 27
823.50 41
823.50 59
824.00 75
824.50 8
824.50 32
824.50 39
824.50 73
824.50 75
825.00 9
825.00 78
825.50 75
826.50 25
826.50 76
826.50 77
827.50 4
827.50 40
827.50 41
827.50 45
828.00 19
828.00 53
828.00 78
828.00 82
828.50 12
828.50 73
829.00 41
829.50 14
830.00 34
830.50 55
831.00 37
831.00 55
832.00 9
832.00 42
832.00 63
832.50 77
832.50 78
833.50 37
833.50 61
833.50 78
834.00 68
834.00 75
834.50 36
834.50 47
835.00 39
835.50 11
835.50 36
836.00 42
836.00 73
836.50 4
836.50 54
836.50 55
836.50 78
838.00 13
838.50 36
838.50 42
838.50 61
839.00 35
839.50 35
839.50 78
839.50 83
840.00 21
841.50 41
841.50 59
842.50 4
842.50 16
842.50 55
843.50 71
844.00 54
845.00 55
845.00 75
845.50 11
845.50 41
845.50 74
846.50 55
847.50 10
847.50 36
847.50 58
848.00 35
848.50 35
848.50 78
849.00 38
849.00 46
849.00 61
849.00 83
849.50 11
849.50 36
849.50 46
849.50 56
849.50 61
850.00 37
850.00 41
850.50 10
850.50 46
850.50 54
850.50 57
850.50 59
850.50 63
850.50 72
850.50 78
851.00 18
851.00 55
851.00 78
851.50 14
851.50 19
852.00 19
852.00 38
852.00 54
852.00 67
852.00 73
852.50 30
853.00 41
853.00 77
853.00 83
853.50 5
853.50 61
854.00 39
854.00 42
854.00 61
854.50 54
855.00 18
855.00 41
855.00 54
855.00 75
855.50 19
855.50 35
855.50 56
855.50 68
855.50 80
856.00 60
856.00 75
856.50 46
857.00 78
857.50 3
857.50 13
857.50 54
857.50 61
858.00 55
858.50 45
859.00 5
859.50 38
860.00 33
860.00 41
860.00 71
860.00 82
860.00 83
860.50 61
860.50 78
861.00 21
861.00 38
861.00 41
861.00 75
861.50 57
862.00 4
862.00 36
862.00 57
862.00 75
862.50 8
862.50 31
862.50 75
862.50 78
863.00 10
863.00 37
863.50 38
863.50 61
863.50 77
864.00 8
864.00 46
864.00 54
864.00 83
864.50 36
864.50 77
865.00 8
865.00 19
865.00 36
865.00 42
865.00 57
865.50 22
865.50 46
865.50 55
866.00 53
866.50 43
866.50 46
866.50 78
866.50 80
867.00 10
867.00 46
867.00 73
867.00 80
867.50 37
868.00 54
868.00 56
868.50 35
868.50 38
868.50 39
868.50 40
868.50 54
868.50 66
868.50 76
869.00 46
869.50 18
869.50 55
869.50 68
869.50 73
869.50 78
869.50 83
870.00 18
870.00 55
870.00 76
870.00 80
870.50 42
870.50 78
871.00 12
871.00 18
871.00 54
871.50 35
871.50 41
872.50 82
873.50 83
874.50 55
874.50 75
875.00 55
876.50 55
876.50 74
877.00 12
877.50 66
878.00 18
878.50 33
879.00 35
879.00 78
879.50 8
879.50 18
879.50 19
880.00 18
880.50 66
881.00 35
881.00 43
881.00 66
881.00 83
881.50 39
881.50 78
882.00 4
882.00 34
882.00 43
882.00 56
882.00 57
882.50 18
882.50 39
882.50 43
882.50 66
883.00 26
883.00 38
883.00 42
883.00 66
883.00 81
883.50 43
883.50 66
883.50 71
884.00 43
884.00 53
884.00 55
884.00 66
884.50 26
884.50 42
884.50 55
884.50 68
885.00 43
885.00 54
885.00 56
885.00 77
885.00 78
885.50 19
885.50 43
885.50 66
885.50 77
886.00 35
886.00 43
886.00 66
886.50 18
886.50 24
886.50 43
886.50 66
887.50 1
887.50 26
887.50 29
887.50 42
887.50 43
887.50 70
887.50 79
888.00 17
888.00 42
888.00 43
888.00 56
888.00 60
888.00 78
888.50 3
888.50 37
888.50 39
888.50 43
888.50 57
888.50 66
889.00 43
889.00 56
889.00 66
889.50 12
889.50 42
889.50 43
889.50 65
889.50 77
890.00 28
890.50 13
890.50 18
890.50 19
890.50 43
890.50 79
891.00 43
891.00 66
891.50 19
891.50 43
892.00 43
892.00 74
892.00 78
892.50 60
893.00 4
893.00 43
893.00 79
893.50 17
893.50 45
893.50 53
893.50 78
894.00 4
894.00 54
894.00 78
894.00 79
894.00 82
894.50 66
895.00 76
895.50 78
896.00 19
896.00 42
896.00 57
896.50 35
896.50 37
896.50 53
897.50 19
897.50 28
898.00 78
898.50 1
898.50 31
899.00 60
899.50 19
900.50 4
901.00 13
901.00 39
901.50 42
901.50 75
901.50 78
901.50 79
902.00 75
902.50 37
902.50 44
902.50 65
903.00 73
903.00 78
903.50 56
904.00 35
904.00 78
904.50 14
904.50 41
907.00 14
907.00 73
907.00 75
907.50 58
907.50 62
908.00 36
908.00 62
908.50 26
908.50 54
909.00 4
909.00 61
909.50 26
909.50 74
909.50 83
910.00 24
910.00 39
910.00 59
910.50 35
911.00 14
911.00 54
911.00 59
911.00 68
911.50 22
911.50 64
912.00 62
912.50 19
912.50 26
912.50 36
912.50 58
912.50 62
913.00 26
913.50 4
913.50 22
913.50 26
913.50 55
914.00 14
914.00 26
914.50 35
914.50 54
914.50 59
914.50 61
914.50 62
914.50 63
914.50 64
915.00 34
915.00 83
915.50 41
915.50 55
916.00 58
916.00 61
916.00 75
916.50 39
916.50 58
917.00 22
917.00 26
917.00 51
917.00 58
917.00 68
917.50 14
918.00 26
918.00 35
918.00 46
918.00 51
918.50 9
918.50 14
918.50 55
919.00 19
919.00 22
919.00 25
919.00 56
919.50 83
920.00 51
920.00 75
920.00 83
920.50 18
920.50 26
920.50 58
920.50 74
921.00 16
921.00 25
921.00 41
921.00 42
921.00 55
921.00 58
921.00 68
921.00 75
921.50 53
921.50 74
921.50 75
922.00 38
922.00 68
922.50 42
922.50 55
922.50 75
922.50 81
923.00 27
923.00 37
923.00 83
923.50 42
923.50 53
924.00 26
924.00 42
925.50 42
925.50 55
925.50 83
926.00 34
926.50 36
926.50 83
927.00 13
927.00 37
927.00 52
927.00 83
927.50 35
927.50 41
927.50 42
927.50 73
927.50 75
928.00 46
928.50 28
928.50 55
928.50 56
929.00 41
929.50 61
929.50 75
930.00 35
930.00 42
930.00 53
930.00 75
930.50 55
931.00 25
931.50 75
932.00 39
932.00 54
932.00 63
933.00 60
933.50 61
934.00 39
934.00 81
934.50 49
934.50 56
934.50 74
934.50 75
935.00 22
937.00 36
937.00 54
937.50 4
937.50 22
937.50 46
938.50 18
938.50 58
938.50 65
939.50 26
939.50 58
940.00 37
940.00 42
940.00 58
940.00 76
940.50 63
941.50 41
942.00 35
942.00 51
942.50 14
942.50 26
943.00 58
943.00 83
943.50 82
944.00 35
944.00 57
944.50 31
944.50 35
944.50 54
945.00 9
945.00 37
945.00 46
945.50 36
945.50 63
946.50 35
947.00 70
948.00 36
948.00 41
948.00 61
949.00 52
949.50 68
950.00 12
950.50 46
950.50 54
951.00 17
951.00 35
951.00 58
951.00 75
951.00 83
952.00 55
952.00 64
952.50 49
953.00 33
953.00 61
953.50 10
953.50 39
954.00 12
954.00 37
954.00 73
954.50 19
954.50 38
955.00 14
955.00 61
955.50 65
955.50 74
956.00 26
956.00 43
956.50 27
957.00 55
957.00 74
957.50 22
957.50 38
958.00 27
958.00 75
958.50 75
960.00 35
960.00 75
960.50 61
961.00 19
961.00 36
961.00 61
962.00 37
962.00 55
962.00 73
962.50 36
962.50 55
963.00 35
963.00 55
963.00 70
963.50 42
963.50 83
964.00 58
964.50 39
964.50 49
965.00 35
965.00 82
966.00 55
966.00 82
966.50 49
967.50 54
969.00 13
969.00 38
969.00 55
969.00 75
969.50 46
970.00 58
970.50 26
970.50 56
970.50 58
971.00 26
971.00 58
971.50 26
971.50 52
971.50 58
972.00 26
972.00 42
972.00 55
972.00 58
972.50 26
972.50 58
972.50 75
972.50 76
973.00 26
973.00 58
973.50 22
973.50 26
973.50 58
974.00 38
974.00 42
974.00 46
974.50 26
974.50 58
975.00 37
975.00 58
975.00 61
975.50 58
975.50 74
975.50 75
976.50 26
976.50 28
977.00 36
977.50 34
977.50 49
978.00 58
978.50 5
978.50 26
978.50 57
978.50 75
979.00 27
979.00 41
979.50 66
980.50 22
980.50 75
981.00 63
981.00 75
981.50 21
981.50 35
982.00 10
982.00 41
982.00 55
982.00 60
982.50 70
983.00 10
983.00 32
983.00 41
983.00 83
983.50 36
983.50 53
983.50 54
984.50 23
984.50 39
984.50 74
985.00 61
985.50 5
985.50 33
985.50 65
986.00 33
986.50 35
986.50 47
987.00 27
987.00 83
987.50 73
987.50 75
988.00 32
988.00 35
988.00 62
988.50 52
989.00 60
989.50 55
990.00 34
990.00 36
990.00 54
990.00 68
990.50 67
990.50 75
991.00 55
991.50 76
992.00 1
992.00 4
992.00 75
992.00 81
992.00 82
992.50 8
992.50 11
992.50 55
992.50 57
992.50 75
993.00 4
993.00 55
993.50 36
994.00 5
994.00 53
994.50 55
995.00 67
995.00 75
995.50 55
995.50 59
996.00 35
996.00 74
996.50 28
996.50 65
997.00 75
999.00 35
1002.00 19
1002.00 22
1003.00 66
1003.50 54
1003.50 73
1004.00 18
1004.00 25
1004.00 61
1004.00 63
1004.00 80
1004.50 10
1005.00 78
1005.50 74
1006.00 19
1006.00 55
1006.00 64
1006.50 39
1006.50 61
1006.50 67
1007.00 28
1007.00 41
1007.00 54
1007.00 64
1007.50 41
1007.50 59
1008.00 38
1008.00 39
1008.00 41
1008.00 42
1008.00 47
1008.00 76
1008.00 83
1008.50 14
1008.50 41
1008.50 75
1009.00 18
1009.00 26
1009.00 41
1009.00 46
1009.50 18
1009.50 27
1009.50 82
1010.00 41
1010.50 31
1010.50 41
1010.50 80
1011.00 41
1011.50 11
1011.50 22
1011.50 41
1011.50 56
1012.00 41
1012.00 56
1012.50 19
1012.50 41
1013.00 41
1013.00 54
1013.50 19
1013.50 55
1013.50 70
1013.50 81
1013.50 82
1015.00 41
1015.00 52
1015.00 61
1015.50 30
1015.50 37
1016.00 80
1016.50 12
1016.50 26
1016.50 72
1016.50 83
1017.00 49
1017.00 61
1017.50 12
1017.50 56
1018.00 41
1018.00 57
1018.00 78
1018.50 26
1018.50 76
1019.50 4
1019.50 38
1020.00 38
1020.50 41
1021.00 81
1021.50 4
1021.50 75
1021.50 84
1022.50 75
1023.50 55
1024.00 9
1024.50 18
1024.50 55
1025.00 47
1026.00 74
1026.00 81
1026.50 18
1027.00 22
1027.00 55
1028.00 14
1028.00 46
1028.50 51
1029.00 54
1029.00 55
1029.50 56
1029.50 67
1030.50 8
1032.50 32
1032.50 46
1032.50 60
1033.00 30
1034.50 63
1035.00 73
1035.50 38
1036.00 19
1036.00 57
1036.00 59
1036.50 41
1037.00 41
1037.00 70
1038.50 26
1038.50 41
1038.50 70
1038.50 83
1039.00 41
1039.00 46
1039.00 75
1039.50 38
1039.50 41
1040.00 24
1040.00 32
1040.50 41
1041.50 75
1041.50 77
1042.00 52
1042.00 55
1042.50 41
1042.50 51
1043.00 52
1043.50 4
1043.50 31
1043.50 54
1043.50 55
1044.00 27
1044.00 68
1044.50 55
1044.50 77
1045.00 56
1045.50 66
1046.00 18
1046.00 55
1046.00 78
1046.50 55
1046.50 65
1048.00 60
1048.00 74
1048.00 78
1048.50 73
1049.00 5
1049.00 66
1049.50 60
1050.00 18
1050.50 66
1051.00 15
1051.00 18
1051.00 38
1051.00 46
1051.00 66
1051.00 71
1051.50 28
1051.50 41
1051.50 46
1052.00 40
1052.00 66
1052.00 73
1052.50 41
1052.50 46
1052.50 57
1053.00 39
1053.00 41
1053.00 60
1053.50 51
1053.50 60
1053.50 83
1054.00 59
1054.50 46
1055.50 9
1055.50 54
1055.50 60
1055.50 82
1056.00 44
1056.50 79
1057.00 4
1057.00 38
1057.00 51
1057.50 52
1058.00 39
1058.50 27
1058.50 37
1058.50 82
1059.00 22
1059.00 57
1060.00 74
1060.50 54
1062.00 41
1062.00 57
1062.50 4
1063.50 37
1063.50 49
1066.00 4
1067.00 17
1067.50 14
1067.50 74
1069.50 83
1070.50 11
1070.50 83
1071.00 11
1071.00 54
1071.50 74
1074.50 16
1074.50 55
1076.00 54
1076.00 75
1076.00 80
1076.50 22
1076.50 75
1076.50 83
1077.00 22
1077.00 61
1077.50 39
1078.50 49
1079.00 27
1079.50 78
1080.00 37
1080.00 61
1080.00 82
1080.50 31
1080.50 38
1080.50 55
1081.00 18
1081.00 41
1081.50 4
1082.50 8
1083.00 4
1083.00 41
1084.00 51
1084.50 4
1085.00 41
1085.00 55
1085.50 17
1085.50 55
1086.00 37
1086.00 55
1086.00 79
1086.50 82
1087.00 61
1087.00 78
1087.50 56
1087.50 76
1088.00 4
1088.00 78
1089.00 69
1090.00 4
1090.00 8
1090.00 55
1090.50 12
1090.50 51
1091.00 53
1091.50 41
1092.00 19
1092.50 26
1093.00 19
1093.00 41
1093.00 44
1093.00 66
1093.00 74
1093.00 79
1093.50 1
1093.50 5
1093.50 9
1093.50 13
1093.50 14
1093.50 17
1093.50 18
1093.50 19
1093.50 27
1093.50 29
1093.50 37
1093.50 38
1093.50 39
1093.50 40
1093.50 41
1093.50 42
1093.50 45
1093.50 48
1093.50 53
1093.50 56
1093.50 57
1093.50 58
1093.50 61
1093.50 63
1093.50 64
1093.50 66
1093.50 69
1093.50 70
1093.50 80
1094.00 41
1094.00 76
1094.50 46
1095.00 27
1095.00 75
1095.50 8
1095.50 14
1095.50 38
1095.50 79
1096.00 47
1096.00 81
1096.50 66
1096.50 75
1096.50 83
1097.50 32
1098.00 79
1099.50 83
1100.00 15
1100.00 75
1101.00 75
1101.50 54
1101.50 76
1102.00 51
1102.00 73
1102.50 63
1102.50 80
1103.00 78
1103.50 51
1103.50 55
1103.50 78
1104.00 36
1104.00 41
1104.00 42
1104.00 59
1104.00 78
1104.50 4
1104.50 13
1104.50 33
1104.50 35
1104.50 54
1105.00 22
1105.00 46
1105.00 52
1105.00 55
1105.50 46
1106.00 55
1106.50 50
1106.50 64
1106.50 78
1107.00 55
1107.50 19
1107.50 64
1108.00 28
1108.00 54
1108.50 42
1108.50 77
1109.50 74
1110.00 70
1110.50 18
1110.50 41
1111.00 4
1111.00 47
1111.50 82
1112.00 26
1112.00 61
1112.00 75
1112.50 4
1112.50 19
1112.50 57
1113.00 25
1113.00 41
1113.00 61
1113.50 51
1113.50 54
1114.50 57
1114.50 64
1115.00 14
1115.00 78
1115.00 82
1115.50 73
1116.00 78
1116.00 79
1116.50 36
1116.50 40
1117.00 4
1117.00 16
1117.00 19
1117.00 47
1117.50 34
1117.50 36
1117.50 61
1117.50 80
1119.50 19
1120.00 75
1120.50 17
1120.50 35
1121.50 12
1121.50 31
1121.50 35
1121.50 53
1122.00 12
1122.00 83
1122.50 38
1122.50 66
1123.00 32
1123.00 36
1123.00 62
1123.00 75
1123.00 78
1123.50 35
1124.00 28
1124.50 14
1125.50 55
1126.00 46
1126.00 61
1126.00 64
1126.00 78
1126.50 41
1127.00 36
1128.00 24
1128.00 58
1128.50 49
1128.50 75
1128.50 78
1129.00 59
1129.00 74
1129.50 35
1129.50 52
1129.50 79
1130.00 26
1130.50 70
1131.00 55
1131.00 61
1131.00 76
1131.00 80
1131.50 38
1131.50 62
1132.00 80
1132.50 74
1133.00 55
1133.00 78
1133.50 62
1133.50 82
1134.00 57
1134.50 35
1134.50 70
1135.00 74
1135.00 75
1136.00 55
1137.00 45
1137.00 54
1137.00 59
1137.50 55
1138.00 53
1138.00 68
1139.00 19
1139.00 73
1140.00 73
1140.00 84
1140.50 33
1141.00 24
1142.00 37
1144.00 78
1144.50 55
1145.00 54
1145.00 61
1145.00 75
1145.50 41
1146.00 55
1146.00 56
1146.50 73
1146.50 76
1146.50 80
1147.00 74
1147.50 51
1148.00 57
1148.00 82
1148.50 14
1148.50 78
1149.00 19
1149.00 76
1149.50 19
1149.50 37
1149.50 66
1149.50 73
1150.00 78
1150.50 53
1150.50 59
1150.50 78
1152.50 78
1154.00 19
1154.00 83
1154.50 36
1154.50 41
1156.00 70
1156.50 75
1157.00 62
1157.00 78
1157.50 27
1157.50 58
1157.50 75
1158.00 28
1158.50 27
1160.00 55
1160.50 78
1161.00 11
1161.00 22
1161.00 25
1161.50 55
1161.50 63
1162.00 61
1162.50 53
1162.50 61
1163.50 35
1163.50 61
1164.00 41
1164.50 77
1165.00 46
1165.50 78
1166.00 60
1166.50 4
1167.00 37
1167.00 38
1167.00 75
1167.00 78
1167.50 25
1167.50 46
1168.00 77
1168.50 83
1169.00 22
1169.50 36
1169.50 46
1169.50 78
1170.00 73
1171.00 46
1171.00 57
1171.50 10
1171.50 75
1172.00 15
1172.00 19
1172.50 14
1172.50 22
1172.50 63
1173.00 42
1173.00 56
1173.50 81
1174.00 36
1174.00 61
1174.00 78
1175.00 84
1175.50 52
1175.50 83
1176.00 19
1176.00 35
1176.00 57
1176.00 77
1176.00 82
1176.50 17
1176.50 67
1177.00 22
1177.00 41
1177.00 55
1177.50 12
1177.50 52
1177.50 65
1178.00 58
1178.50 55
1179.00 4
1179.00 11
1179.00 27
1179.00 46
1179.00 51
1179.50 27
1179.50 51
1179.50 55
1179.50 66
1180.00 61
1181.00 57
1181.50 36
1181.50 51
1183.50 59
1183.50 73
1183.50 75
1184.00 61
1184.50 42
1184.50 67
1184.50 80
1185.00 9
1185.00 12
1185.00 27
1185.00 39
1185.00 46
1185.00 56
1185.00 60
1185.00 64
1185.00 71
1185.00 76
1185.00 79
1185.00 81
1185.00 83
1185.00 84
1185.50 35
1185.50 78
1186.00 78
1186.00 83
1186.50 14
1186.50 37
1186.50 39
1186.50 41
1187.00 78
1187.00 83
1187.50 14
1187.50 39
1187.50 63
1187.50 79
1188.50 22
1188.50 56
1189.00 10
1189.00 19
1189.00 32
1189.00 41
1189.00 75
1190.50 42
1190.50 57
1191.00 57
1191.00 75
1191.50 78
1192.00 33
1192.00 35
1192.00 54
1192.50 26
1192.50 33
1192.50 37
1192.50 40
1192.50 79
1192.50 80
1193.50 12
1194.00 55
1194.00 78
1194.50 54
1194.50 78
1195.00 59
1195.50 11
1195.50 41
1196.50 41
1196.50 84
1197.00 53
1198.00 5
1198.00 76
1198.00 80
1198.50 77
1198.50 81
1199.00 56
1200.00 54
1200.00 75
1200.50 57
1200.50 78
1201.00 10
1201.50 78
1201.50 83
1202.00 22
1202.00 55
1202.00 78
1202.50 26
1202.50 27
1203.00 81
1204.00 35
1204.00 36
1204.00 55
1204.50 29
1205.00 35
1205.00 54
1205.00 55
1205.00 74
1205.50 32
1205.50 61
1206.00 4
1206.50 53
1206.50 78
1207.00 24
1207.50 78
1208.50 55
1209.00 33
1209.00 63
1209.00 73
1209.50 4
1210.00 35
1210.00 83
1210.50 4
1211.00 54
1211.00 83
1211.50 42
1211.50 55
1211.50 83
1212.00 41
1212.50 35
1212.50 60
1214.50 26
1214.50 34
1215.50 36
1216.00 25
1216.50 73
1217.50 5
1217.50 66
1218.50 18
1218.50 44
1218.50 61
1218.50 64
1219.50 27
1219.50 78
1219.50 82
1220.00 75
1220.00 78
1220.50 8
1220.50 44
1221.00 35
1221.00 77
1221.50 27
1221.50 42
1222.00 74
1222.50 77
1224.00 28
1224.00 41
1224.00 83
1224.50 35
1224.50 73
1225.00 38
1225.50 75
1226.00 27
1226.50 61
1227.00 10
1228.00 55
1228.00 78
1229.00 13
1229.00 59
1229.50 43
1230.00 17
1230.00 18
1230.00 19
1230.50 73
1231.00 35
1231.00 59
1231.00 75
1231.00 77
1231.50 4
1231.50 13
1231.50 14
1231.50 18
1231.50 26
1231.50 31
1231.50 36
1231.50 58
1231.50 71
1231.50 75
1231.50 77
1231.50 82
1231.50 83
1232.00 14
1232.00 16
1232.00 26
1232.00 33
1232.00 35
1232.00 54
1232.00 76
1232.00 79
1232.50 68
1233.00 78
1233.50 57
1233.50 61
1233.50 69
1234.00 41
1234.00 46
1234.00 74
1234.50 84
1235.00 4
1235.00 40
1235.00 66
1235.00 73
1235.00 78
1235.50 12
1235.50 15
1235.50 33
1235.50 38
1235.50 39
1235.50 55
1235.50 78
1236.00 66
1236.50 9
1237.50 20
1237.50 38
1237.50 56
1238.50 61
1239.00 64
1239.50 35
1239.50 42
1240.00 19
1240.00 46
1240.00 75
1240.50 37
1240.50 38
1240.50 75
1240.50 78
1241.00 18
1241.00 41
1241.50 20
1241.50 35
1241.50 66
1241.50 78
1242.00 36
1242.00 66
1242.50 18
1242.50 74
1242.50 78
1243.00 53
1243.50 66
1244.00 75
1244.00 78
1246.00 19
1247.00 55
1247.50 38
1247.50 73
1248.00 55
1248.50 57
1248.50 75
1249.00 55
1249.00 59
1249.00 61
1249.50 18
1249.50 38
1249.50 46
1250.00 18
1250.00 66
1250.50 83
1251.00 66
1251.00 75
1252.00 78
1252.00 83
1252.50 35
1253.00 19
1253.00 66
1253.00 77
1253.00 78
1253.00 82
1253.50 83
1254.00 37
1255.00 39
1255.00 73
1255.00 78
1255.50 11
1255.50 54
1255.50 55
1256.00 35
1256.00 43
1256.50 35
1256.50 43
1257.00 18
1257.00 43
1257.00 58
1257.50 29
1257.50 38
1257.50 43
1257.50 64
1257.50 78
1258.00 43
1258.50 22
1258.50 65
1259.00 19
1259.00 27
1259.00 43
1259.00 66
1259.00 78
1259.50 41
1260.00 4
1260.00 43
1260.00 54
1260.00 80
1260.50 46
1260.50 56
1260.50 78
1261.00 42
1261.00 43
1261.50 26
1261.50 60
1261.50 82
1262.00 9
1262.00 35
1262.00 43
1262.00 56
1262.50 18
1263.00 43
1263.00 54
1263.50 43
1263.50 83
1264.00 18
1264.00 43
1264.00 63
1264.00 78
1264.50 35
1264.50 43
1265.00 35
1265.00 70
1265.50 43
1266.00 4
1266.00 18
1266.00 35
1266.50 27
1266.50 70
1267.00 43
1267.50 27
1267.50 80
1268.00 36
1268.50 12
1269.00 73
1269.00 78
1269.50 11
1269.50 43
1269.50 78
1269.50 83
1270.50 35
1270.50 43
1274.00 26
1274.50 12
1274.50 14
1274.50 57
1274.50 58
1274.50 62
1275.00 14
1275.00 36
1275.00 62
1275.50 35
1275.50 36
1275.50 49
1275.50 54
1275.50 57
1276.00 22
1276.00 33
1276.00 36
1276.00 60
1276.00 61
1276.50 62
1277.00 68
1278.00 58
1279.00 22
1279.00 55
1279.00 68
1279.50 49
1279.50 68
1280.00 27
1280.00 46
1280.00 54
1280.00 56
1280.00 73
1280.00 74
1280.00 76
1280.50 4
1280.50 14
1280.50 36
1280.50 37
1280.50 46
1281.00 34
1281.00 59
1281.50 26
1281.50 61
1282.00 26
1282.00 58
1282.00 63
1282.50 11
1282.50 35
1282.50 55
1282.50 58
1282.50 61
1282.50 64
1283.00 61
1283.50 52
1283.50 54
1283.50 83
1284.00 55
1284.00 67
1284.50 4
1284.50 24
1284.50 55
1284.50 57
1284.50 73
1285.00 26
1285.00 29
1285.00 35
1285.00 84
1285.50 35
1285.50 36
1285.50 37
1285.50 54
1285.50 58
1285.50 75
1286.00 74
1287.00 41
1287.50 22
1288.00 58
1289.50 28
1290.00 25
1290.00 55
1290.50 36
1290.50 82
1291.00 14
1291.00 36
1291.00 74
1291.50 41
1292.00 36
1292.00 61
1292.50 12
1292.50 75
1293.00 41
1293.00 55
1293.00 75
1293.50 61
1293.50 76
1294.00 35
1294.00 46
1294.00 47
1295.00 12
1295.00 41
1295.00 42
1295.00 66
1295.50 8
1295.50 41
1296.50 40
1297.00 52
1297.50 26
1297.50 74
1298.00 83
1298.50 35
1298.50 36
1298.50 42
1299.00 10
1299.00 42
1299.00 51
1299.50 51
1299.50 74
1300.00 42
1300.00 46
1300.00 74
1300.50 42
1301.00 42
1301.50 19
1301.50 26
1301.50 35
1301.50 39
1301.50 58
1302.50 9
1302.50 42
1302.50 61
1303.00 19
1303.50 14
1305.00 44
1305.00 51
1305.50 35
1305.50 41
1305.50 75
1306.00 35
1307.00 33
1307.00 61
1307.50 58
1307.50 83
1308.00 41
1308.00 42
1308.00 46
1308.00 54
1308.00 58
1308.50 42
1308.50 58
1308.50 74
1309.00 84
1309.50 26
1309.50 49
1310.00 54
1310.00 64
1310.50 3
1310.50 61
1310.50 67
1310.50 75
1310.50 83
1311.50 22
1311.50 51
1311.50 75
1312.00 25
1312.00 36
1312.00 49
1312.00 55
1312.00 64
1312.50 54
1312.50 75
1313.00 44
1313.00 56
1313.50 53
1314.50 31
1314.50 57
1315.00 36
1315.50 14
1315.50 38
1316.00 19
1316.00 35
1316.50 20
1317.00 9
1317.00 51
1317.00 74
1317.50 46
1317.50 60
1317.50 75
1318.00 16
1318.00 22
1318.00 28
1318.00 39
1318.50 54
1319.00 20
1319.00 28
1319.00 39
1319.50 13
1320.00 19
1320.00 34
1320.00 49
1320.00 63
1320.50 55
1320.50 56
1321.00 55
1321.50 61
1322.00 16
1322.00 35
1322.50 4
1322.50 8
1322.50 35
1322.50 54
1322.50 65
1323.00 67
1323.50 12
1323.50 24
1323.50 55
1324.00 28
1324.00 76
1324.50 44
1325.00 49
1325.00 55
1325.50 9
1325.50 57
1326.00 35
1326.00 38
1326.50 54
1326.50 68
1327.00 64
1327.50 50
1328.50 61
1328.50 83
1329.00 54
1329.00 61
1329.50 7
1329.50 35
1329.50 61
1330.00 5
1330.00 73
1330.50 39
1330.50 55
1330.50 64
1331.00 75
1331.50 37
1332.00 20
1332.50 49
1332.50 57
1332.50 82
1333.00 12
1333.50 35
1333.50 84
1334.00 19
1334.00 55
1334.50 54
1335.00 58
1335.00 76
1336.50 41
1336.50 55
1337.50 41
1338.00 45
1338.50 26
1338.50 58
1339.00 39
1339.00 55
1339.00 58
1339.50 26
1339.50 42
1339.50 54
1339.50 58
1340.00 26
1340.00 35
1340.00 58
1340.00 61
1340.50 26
1340.50 55
1340.50 58
1340.50 75
1340.50 82
1341.00 17
1341.00 26
1341.00 58
1341.00 61
1341.50 3
1341.50 26
1341.50 58
1342.00 19
1342.00 26
1342.00 41
1342.00 42
1342.00 58
1342.00 60
1342.50 12
1342.50 26
1342.50 58
1342.50 83
1343.00 26
1343.00 41
1343.00 51
1343.00 58
1343.50 4
1343.50 58
1344.00 11
1344.00 35
1344.00 58
1344.50 26
1344.50 27
1344.50 53
1344.50 75
1345.00 26
1345.00 35
1345.00 75
1345.50 36
1345.50 58
1346.00 18
1346.00 35
1346.00 55
1346.50 58
1346.50 65
1347.00 61
1347.50 49
1348.00 26
1348.50 35
1348.50 36
1348.50 57
1349.00 73
1349.50 43
1350.00 41
1350.00 43
1350.50 9
1350.50 60
1351.00 13
1351.00 42
1351.00 52
1351.00 82
1351.50 5
1351.50 24
1352.00 55
1352.00 63
1352.50 83
1353.50 5
1353.50 55
1354.00 55
1354.00 66
1354.50 26
1354.50 27
1354.50 76
1355.00 56
1356.00 22
1356.50 75
1357.00 36
1357.00 55
1357.00 75
1357.50 54
1358.00 29
1358.00 35
1358.00 74
1358.50 55
1358.50 67
1358.50 73
1359.00 35
1359.50 10
1359.50 18
1359.50 22
1359.50 27
1359.50 35
1359.50 39
1359.50 74
1360.50 47
1360.50 75
1361.00 41
1361.00 55
1361.50 55
1361.50 73
1361.50 74
1362.00 64
1362.50 4
1362.50 64
1362.50 83
1363.50 36
1363.50 41
1364.00 9
1364.50 11
1364.50 31
1364.50 55
1364.50 57
1365.00 55
1365.50 5
1365.50 11
1365.50 55
1365.50 68
1366.00 8
1366.00 39
1366.00 46
1367.00 11
1367.00 40
1367.00 61
1367.50 44
1367.50 54
1368.00 38
1369.00 61
1369.50 56
1371.00 46
1373.50 14
1374.00 75
1374.50 12
1375.50 11
1375.50 66
1376.00 38
1376.50 41
1376.50 43
1376.50 54
1376.50 55
1376.50 61
1377.00 43
1377.00 52
1377.50 4
1377.50 9
1377.50 53
1377.50 66
1377.50 79
1378.00 38
1378.00 43
1378.00 51
1378.00 66
1378.50 54
1378.50 55
1380.00 18
1380.00 27
1380.00 41
1380.00 80
1380.50 18
1380.50 41
1380.50 61
1380.50 78
1381.00 41
1381.00 79
1381.50 26
1381.50 41
1381.50 55
1381.50 57
1381.50 68
1381.50 78
1382.00 19
1382.00 41
1382.50 41
1382.50 66
1383.00 31
1383.00 41
1383.00 64
1383.00 73
1383.50 5
1383.50 19
1383.50 39
1383.50 41
1384.00 39
1384.00 41
1384.00 84
1384.50 41
1384.50 62
1385.00 41
1385.50 19
1385.50 41
1385.50 73
1386.00 39
1386.00 41
1386.00 54
1386.50 19
1386.50 41
1387.00 32
1387.00 41
1387.00 43
1387.00 83
1387.50 75
1388.00 41
1388.00 63
1388.50 11
1388.50 26
1388.50 52
1388.50 79
1389.00 26
1389.00 41
1389.00 80
1389.50 41
1390.00 32
1390.50 39
1390.50 72
1391.00 59
1391.50 19
1391.50 66
1392.00 51
1392.00 55
1392.50 41
1393.00 37
1393.00 55
1393.00 78
1393.50 24
1393.50 77
1393.50 84
1394.00 14
1394.00 52
1394.50 66
1394.50 83
1395.00 27
1395.00 74
1395.50 32
1395.50 38
1396.00 24
1396.00 60
1396.00 81
1396.00 83
1396.50 49
1396.50 74
1397.00 81
1397.50 19
1398.00 41
1398.00 75
1398.00 80
1398.50 75
1398.50 79
1399.50 22
1399.50 73
1400.50 51
1401.00 19
1401.00 55
1401.00 61
1402.50 60
1404.50 16
1404.50 76
1405.00 24
1405.00 79
1406.50 55
1406.50 74
1407.00 19
1408.00 41
1408.00 64
1408.00 80
1408.50 41
1408.50 60
1408.50 74
1409.00 28
1409.00 41
1409.00 49
1409.00 80
1409.50 11
1409.50 41
1409.50 51
1410.00 75
1410.50 4
1410.50 66
1410.50 75
1412.00 61
1412.50 55
1413.00 22
1413.50 15
1413.50 54
1413.50 76
1414.00 80
1414.50 29
1414.50 46
1414.50 53
1415.00 57
1416.00 31
1416.00 58
1417.00 9
1418.50 49
1418.50 55
1419.50 26
1420.00 55
1420.50 9
1420.50 18
1421.00 18
1421.00 19
1421.00 38
1421.00 41
1421.00 46
1421.00 54
1421.00 66
1421.00 68
1421.00 73
1421.50 55
1421.50 66
1422.00 31
1422.00 46
1422.00 66
1422.00 76
1422.50 56
1422.50 59
1423.50 63
1423.50 79
1424.00 39
1424.00 66
1424.00 83
1424.50 25
1424.50 46
1424.50 66
1425.00 5
1425.00 42
1425.00 46
1425.00 61
1425.50 8
1425.50 19
1425.50 40
1426.00 8
1426.00 66
1426.00 73
1426.50 38
1426.50 55
1426.50 73
1427.00 46
1428.00 13
1428.00 27
1428.50 46
1428.50 68
1429.00 18
1429.00 61
1430.00 8
1430.00 10
1430.00 70
1430.50 49
1430.50 55
1431.00 58
1431.00 75
1431.50 12
1432.50 39
1432.50 55
1432.50 61
1433.00 31
1433.00 46
1433.50 38
1433.50 78
1435.00 38
1435.00 61
1435.50 26
1436.00 19
1438.50 4
1438.50 51
1439.00 81
1439.00 84
1440.00 42
1440.50 39
1440.50 56
1440.50 75
1440.50 83
1441.00 55
1441.00 58
1441.50 4
1442.00 9
1442.00 19
1442.00 64
1442.00 80
1442.50 60
1443.00 9
1443.00 56
1443.00 69
1443.50 41
1444.50 19
1444.50 32
1444.50 49
1445.00 39
1445.00 49
1445.00 54
1445.00 55
1445.00 56
1445.00 61
1445.00 76
1445.50 14
1446.00 19
1446.00 37
1446.00 41
1446.00 75
1446.00 76
1446.50 38
1446.50 61
1447.00 5
1447.00 45
1447.50 55
1448.00 44
1448.00 46
1448.00 80
1448.50 74
1448.50 79
1449.00 81
1450.00 25
1450.00 47
1450.00 54
1450.00 75
1450.00 83
1451.50 40
1451.50 67
1452.00 75
1452.50 54
1452.50 57
1452.50 78
1452.50 83
1453.00 74
1454.00 54
1454.50 18
1454.50 58
1454.50 61
1455.00 17
1455.50 12
1455.50 54
1455.50 76
1456.00 12
1456.00 41
1456.00 58
1456.00 75
1456.00 80
1456.50 4
1456.50 41
1456.50 61
1457.00 22
1457.50 61
1458.00 39
1458.50 14
1458.50 39
1458.50 41
1458.50 73
1459.50 27
1459.50 28
1459.50 79
1460.00 8
1460.00 62
1460.00 73
1460.50 14
1460.50 38
1460.50 75
1461.00 54
1461.00 61
1461.00 79
1461.50 46
1461.50 61
1461.50 64
1461.50 65
1461.50 75
1462.00 13
1462.00 41
1462.00 59
1462.50 5
1462.50 46
1462.50 57
1463.00 49
1463.00 59
1463.50 12
1464.00 55
1464.00 76
1464.50 38
1464.50 55
1464.50 77
1465.00 46
1465.50 38
1465.50 42
1465.50 57
1466.00 79
1466.50 9
1466.50 37
1466.50 46
1466.50 55
1467.00 10
1467.00 24
1467.00 63
1467.00 83
1467.50 55
1468.50 57
1469.00 66
1469.50 46
1469.50 55
1471.00 82
1472.00 44
1472.00 84
1472.50 38
1473.50 78
1475.00 21
1475.00 78
1475.50 35
1475.50 42
1477.50 22
1477.50 51
1477.50 54
1478.00 35
1479.00 14
1479.00 42
1479.00 75
1480.00 46
1480.00 78
1480.50 27
1480.50 78
1480.50 79
1481.00 77
1481.50 78
1481.50 80
1482.00 14
1482.00 46
1482.00 59
1483.00 35
1483.00 78
1484.00 55
1484.50 30
1485.50 60
1486.00 75
1486.50 22
1486.50 55
1487.50 34
1488.00 45
1488.00 64
1488.50 19
1490.00 58
1490.50 41
1490.50 58
1490.50 78
1491.00 26
1491.00 52
1491.00 66
1491.00 78
1491.50 39
1491.50 41
1491.50 46
1491.50 58
1492.00 35
1492.00 54
1492.50 58
1492.50 82
1493.00 61
1493.50 42
1493.50 83
1494.00 41
1494.00 75
1494.50 78
1494.50 82
1495.00 81
1495.50 4
1495.50 31
1495.50 44
1495.50 45
1495.50 75
1496.00 42
1496.00 84
1496.50 14
1496.50 58
1497.00 18
1497.50 12
1497.50 55
1497.50 79
1498.00 55
1498.50 4
1498.50 26
1498.50 32
1498.50 46
1498.50 51
1498.50 75
1499.00 4
1499.00 14
1499.00 17
1499.00 30
1499.00 66
1499.50 70
1499.50 78
1500.00 12
1500.00 35
1500.00 38
1500.00 83
1500.50 27
1500.50 38
1500.50 55
1501.00 54
1502.00 45
1502.00 83
1502.50 37
1502.50 61
1502.50 82
1503.00 73
1503.00 75
1503.50 55
1503.50 64
1504.00 45
1504.50 19
1504.50 56
1504.50 61
1505.00 13
1505.00 37
1505.00 40
1505.00 46
1505.00 80
1505.50 61
1506.00 41
1506.00 51
1506.00 64
1506.00 74
1506.00 75
1507.00 35
1507.00 76
1507.50 49
1507.50 54
1507.50 76
1508.00 4
1508.00 46
1508.00 47
1509.00 58
1509.50 64
1509.50 75
1509.50 77
1510.00 12
1510.00 19
1510.00 82
1510.50 19
1510.50 43
1510.50 67
1510.50 75
1511.00 22
1511.00 25
1511.00 56
1511.00 62
1511.50 41
1511.50 55
1511.50 60
1511.50 78
1511.50 80
1512.00 41
1512.00 74
1512.50 19
1512.50 61
1513.00 22
1513.00 35
1513.00 63
1513.50 78
1514.00 34
1514.50 13
1514.50 42
1514.50 60
1514.50 61
1515.00 42
1515.00 66
1515.00 67
1515.00 68
1515.50 46
1515.50 63
1516.00 57
1516.50 35
1516.50 38
1516.50 61
1517.00 14
1517.00 36
1517.50 35
1518.00 38
1518.00 78
1518.50 22
1518.50 34
1518.50 37
1519.00 73
1519.50 35
1519.50 61
1520.00 33
1520.00 55
1520.00 63
1520.50 12
1520.50 15
1520.50 42
1520.50 61
1520.50 72
1520.50 75
1520.50 77
1521.00 54
1521.00 55
1521.50 34
1522.00 57
1522.50 55
1522.50 83
1523.50 74
1525.00 35
1525.50 55
1525.50 78
1526.00 39
1527.00 77
1527.50 83
1528.00 57
1528.50 58
1528.50 61
1529.00 18
1529.00 26
1529.00 55
1529.00 79
1529.50 59
1530.00 59
1530.00 60
1530.00 75
1530.50 21
1530.50 71
1531.00 27
1531.00 35
1531.00 44
1531.00 46
1531.00 61
1531.00 77
1531.50 42
1531.50 60
1531.50 75
1532.00 9
1532.00 61
1532.00 78
1533.00 55
1533.50 35
1533.50 36
1533.50 38
1534.50 58
1534.50 62
1535.00 55
1535.00 59
1535.50 10
1535.50 39
1536.00 78
1536.50 75
1537.00 25
1537.00 61
1537.50 26
1537.50 28
1537.50 78
1538.00 12
1538.00 20
1538.00 56
1538.50 55
1539.00 26
1539.00 58
1539.00 70
1539.00 77
1540.00 54
1540.00 78
1540.50 35
1541.00 14
1541.00 75
1541.50 58
1541.50 83
1542.00 4
1542.00 32
1542.50 26
1543.50 75
1544.00 35
1544.00 51
1544.50 42
1544.50 46
1545.50 55
1545.50 83
1546.00 35
1546.00 43
1546.00 73
1546.50 52
1547.00 26
1547.00 74
1547.50 73
1548.00 35
1548.00 37
1548.00 54
1548.00 60
1548.50 25
1548.50 35
1548.50 42
1549.00 36
1549.50 2
1549.50 56
1549.50 64
1550.00 60
1550.50 35
1550.50 57
1552.00 11
1552.00 35
1552.00 41
1552.00 48
1552.00 51
1552.00 62
1552.50 32
1552.50 36
1552.50 63
1553.00 20
1553.00 26
1553.00 44
1553.00 56
1553.00 61
1553.50 34
1553.50 62
1553.50 79
1554.00 21
1554.00 36
1554.00 70
1555.00 14
1555.00 42
1555.00 71
1555.50 52
1555.50 54
1555.50 75
1555.50 78
1556.00 37
1556.00 78
1557.00 13
1560.00 27
1560.00 78
1560.50 36
1561.00 4
1561.00 22
1561.00 28
1561.00 34
1561.00 35
1561.00 36
1561.00 37
1561.00 42
1561.00 57
1561.00 73
1561.00 83
1561.50 82
1562.00 55
1562.00 57
1562.00 58
1562.00 76
1562.50 4
1562.50 55
1562.50 75
1563.00 55
1563.00 61
1563.00 64
1563.00 66
1563.00 70
1563.50 77
1564.00 38
1564.00 54
1564.50 46
1564.50 61
1564.50 80
1564.50 83
1565.00 9
1565.00 33
1565.50 29
1565.50 36
1565.50 41
1565.50 55
1565.50 60
1565.50 75
1566.00 4
1566.00 42
1566.00 55
1566.50 69
1566.50 80
1567.00 26
1567.00 37
1567.00 64
1567.50 4
1567.50 19
1567.50 81
1568.00 19
1568.50 34
1568.50 36
1568.50 66
1569.00 35
1569.00 46
1569.00 74
1569.00 75
1569.50 39
1569.50 75
1569.50 78
1570.00 55
1570.00 75
1570.00 78
1570.00 83
1570.50 22
1570.50 61
1570.50 77
1570.50 79
1571.00 26
1571.00 76
1571.50 14
1571.50 63
1572.00 14
1572.00 69
1572.00 75
1572.50 81
1573.00 78
1573.50 42
1573.50 73
1574.00 4
1574.00 35
1574.50 12
1574.50 16
1574.50 29
1575.00 32
1575.00 81
1575.50 35
1575.50 36
1575.50 59
1575.50 75
1575.50 81
1576.50 55
1576.50 67
1576.50 75
1577.00 32
1577.00 35
1577.00 61
1577.00 75
1577.00 83
1577.50 35
1577.50 38
1577.50 56
1577.50 75
1577.50 78
1578.00 20
1578.00 78
1578.50 43
1578.50 54
1578.50 75
1579.00 24
1579.00 35
1579.00 41
1579.00 42
1579.00 46
1579.00 83
1579.50 35
1580.00 4
1580.00 47
1581.00 78
