# This file specifies the times (floored bkjd) and skygroups during which
# an anomalous number of long-period (>50 days) transits were detected.
#
# bkjd skygroup
131.50 59
132.50 56
133.50 41
133.50 43
133.50 67
134.00 43
134.00 78
135.00 54
135.00 75
135.50 43
136.00 41
136.00 43
136.00 75
137.00 43
137.00 82
137.50 43
138.00 37
138.00 43
138.00 76
138.50 43
138.50 45
138.50 61
139.50 14
139.50 36
139.50 43
139.50 56
139.50 73
140.00 16
140.00 43
140.50 74
140.50 77
141.00 4
141.00 40
141.00 61
143.00 82
143.50 78
144.50 41
144.50 43
144.50 77
145.00 46
145.00 57
145.00 73
145.50 18
145.50 61
146.00 18
146.50 75
146.50 76
146.50 78
147.50 62
147.50 74
148.50 38
148.50 59
149.50 66
150.50 74
150.50 79
151.50 65
151.50 75
152.50 57
152.50 73
152.50 75
153.50 44
154.00 18
154.50 66
154.50 82
154.50 84
155.00 38
155.00 74
156.00 80
157.00 76
158.00 36
158.00 47
158.00 57
159.00 75
160.00 2
160.50 37
160.50 79
161.00 41
161.00 73
161.50 37
161.50 57
161.50 75
162.00 17
162.00 59
162.00 75
162.00 81
162.50 43
162.50 51
162.50 53
163.00 75
171.50 42
171.50 58
172.00 36
172.00 42
172.00 58
172.50 14
172.50 18
172.50 58
172.50 59
173.00 18
173.00 36
173.00 42
173.00 54
173.00 58
173.00 75
174.00 20
174.00 62
174.50 42
175.00 11
175.50 42
175.50 62
176.00 11
176.00 82
176.50 60
177.00 80
177.50 11
178.00 42
178.00 61
179.00 77
179.00 81
182.00 51
182.50 13
182.50 59
184.50 18
184.50 20
185.00 18
185.50 18
186.00 18
186.00 58
186.00 62
186.00 75
186.50 18
186.50 58
187.00 18
187.00 63
187.50 75
188.50 78
189.00 73
189.00 75
189.50 61
190.00 76
190.50 38
190.50 58
190.50 64
190.50 75
191.50 66
192.00 75
192.50 76
193.00 38
193.00 77
193.50 82
195.00 61
195.00 82
195.50 15
196.00 57
196.00 68
196.50 14
196.50 75
197.00 35
197.50 59
197.50 73
198.00 80
199.00 61
199.00 73
199.50 78
200.50 64
200.50 80
201.00 5
201.00 61
202.50 84
203.00 75
203.50 50
203.50 74
204.00 55
205.50 75
206.00 71
208.00 79
208.50 61
209.00 80
211.00 82
211.50 65
212.50 51
212.50 70
213.00 63
213.50 80
214.00 42
214.00 51
214.50 24
214.50 82
215.00 75
215.00 84
215.50 77
216.00 60
216.00 75
217.00 77
217.50 58
218.50 40
219.00 11
219.50 79
220.00 51
220.50 78
221.00 78
222.00 61
222.50 78
223.50 42
224.00 22
224.00 24
224.00 78
224.50 43
225.50 52
226.00 19
227.00 35
228.50 75
230.50 58
230.50 74
231.00 58
231.00 75
231.50 26
231.50 58
232.00 58
232.50 26
232.50 58
233.00 26
233.00 58
233.50 26
233.50 46
233.50 58
233.50 75
234.00 58
234.00 67
234.50 26
234.50 58
234.50 82
235.00 26
235.00 53
235.00 58
235.00 75
235.50 58
236.00 26
236.00 58
236.00 63
236.00 67
237.50 58
237.50 59
237.50 75
238.50 56
238.50 58
239.50 58
240.50 73
240.50 77
241.50 15
242.00 74
243.50 61
243.50 77
244.00 58
244.00 60
244.00 75
244.50 54
246.50 11
246.50 23
246.50 67
246.50 80
247.00 61
247.00 65
247.00 75
247.50 4
247.50 61
248.50 84
249.50 61
250.00 11
250.50 17
250.50 34
250.50 57
250.50 60
250.50 75
251.00 20
251.00 22
251.00 64
251.50 68
252.50 21
253.00 38
253.00 65
253.50 29
253.50 41
253.50 63
254.00 36
254.50 57
254.50 83
255.00 31
255.50 55
256.00 73
256.50 78
261.00 41
261.50 41
262.50 61
263.50 41
263.50 51
264.00 38
264.00 41
264.00 58
264.50 29
264.50 55
264.50 61
265.50 66
266.00 38
266.00 53
266.50 80
268.00 53
268.00 67
268.00 75
268.00 80
269.00 75
270.50 18
270.50 57
271.00 34
271.00 84
271.50 24
271.50 66
271.50 79
272.00 62
274.00 74
274.00 82
274.50 58
275.00 73
275.50 69
275.50 75
276.50 17
276.50 74
277.50 79
280.00 49
282.50 51
285.00 75
285.50 49
286.50 55
286.50 64
287.00 64
287.00 73
287.50 21
287.50 38
287.50 80
290.00 68
290.50 53
290.50 61
291.50 44
291.50 56
292.50 67
293.50 78
294.00 29
295.50 82
296.50 48
296.50 73
297.00 66
297.50 51
297.50 55
297.50 77
297.50 78
298.00 73
298.00 81
298.50 51
299.00 73
299.50 41
299.50 62
300.50 78
301.00 34
301.00 41
302.00 77
303.00 61
303.00 78
304.00 66
305.00 23
305.00 73
305.00 80
305.50 51
305.50 79
306.00 74
306.50 35
307.00 66
307.50 57
307.50 66
307.50 71
307.50 77
308.00 18
308.50 66
309.00 66
309.50 66
310.00 50
310.50 56
311.00 83
312.00 74
312.00 75
312.50 38
312.50 75
313.00 58
313.00 66
313.50 13
313.50 78
313.50 80
313.50 81
315.00 43
315.00 73
316.00 77
316.50 43
316.50 76
317.00 74
317.50 74
317.50 84
318.50 63
318.50 75
319.00 74
320.00 58
323.00 38
323.00 80
323.00 82
323.50 75
323.50 79
324.50 31
325.50 58
325.50 80
326.00 37
326.00 61
326.00 71
327.00 17
327.50 18
328.00 37
328.00 43
330.00 60
331.00 34
332.50 18
333.00 44
333.00 63
333.50 75
336.50 25
336.50 60
337.00 60
337.00 75
337.50 49
339.00 41
339.50 63
339.50 75
341.00 49
342.50 81
342.50 84
343.00 59
343.00 78
343.50 41
343.50 81
344.00 56
344.00 69
345.50 79
346.00 12
346.00 56
347.00 18
348.00 73
353.00 44
354.50 53
355.00 73
355.50 17
355.50 73
355.50 76
356.50 24
358.00 55
358.00 65
358.50 80
359.00 61
360.00 33
360.00 72
361.00 61
361.00 75
361.50 18
361.50 75
362.50 55
363.00 49
363.00 79
363.50 61
364.00 63
364.50 84
365.50 59
366.00 61
366.00 76
367.00 64
367.00 74
367.50 71
368.00 79
369.50 65
370.00 58
370.00 73
370.50 33
372.00 71
372.50 73
373.00 49
373.50 4
373.50 26
373.50 51
373.50 58
373.50 70
373.50 73
373.50 74
373.50 83
374.00 66
374.50 58
374.50 74
375.00 31
375.50 57
376.50 13
376.50 38
376.50 75
377.00 62
377.00 73
377.50 38
377.50 75
378.00 61
378.00 62
378.00 66
378.00 70
378.50 73
379.00 13
379.00 80
379.50 74
380.00 58
380.50 68
381.50 20
381.50 68
381.50 74
384.50 68
386.50 57
386.50 79
387.00 63
387.00 70
387.50 68
388.00 26
388.50 40
389.00 75
390.00 66
390.00 75
392.50 42
393.00 57
393.00 74
393.50 49
393.50 61
393.50 82
394.50 33
395.50 78
397.00 51
397.50 51
399.00 49
401.50 58
401.50 61
402.00 62
402.50 58
403.00 65
403.00 75
403.00 76
403.50 58
403.50 79
404.00 78
405.00 75
405.50 18
405.50 61
406.00 47
406.00 60
406.00 61
406.50 56
407.00 18
407.50 81
408.50 38
408.50 75
409.00 31
409.50 56
409.50 64
410.00 7
410.00 51
410.00 81
410.50 49
412.50 65
413.00 57
413.50 53
413.50 75
414.50 78
415.00 36
415.00 82
416.00 61
416.00 67
416.00 78
417.00 76
419.00 38
420.00 41
420.50 61
421.00 56
421.00 61
422.00 84
423.00 66
426.00 41
426.50 75
427.00 73
427.50 75
428.50 4
428.50 75
429.00 56
429.00 60
429.00 61
429.50 38
430.00 34
430.00 46
430.50 79
430.50 80
431.00 73
431.50 73
432.00 38
432.50 73
432.50 76
433.50 63
433.50 77
434.00 60
434.00 75
434.50 59
434.50 77
435.00 75
436.00 61
436.50 76
438.50 45
439.00 51
439.50 59
440.50 35
444.50 13
444.50 57
445.50 33
445.50 42
445.50 76
445.50 83
446.00 41
446.00 73
446.00 82
447.00 64
447.00 75
448.00 41
448.50 57
448.50 73
449.00 61
449.00 80
449.50 35
449.50 67
450.00 61
450.00 75
452.50 56
452.50 79
453.00 12
453.50 17
453.50 38
453.50 60
453.50 67
455.00 72
455.50 24
456.00 11
456.50 68
456.50 80
457.00 55
457.00 74
457.00 79
457.50 4
457.50 56
458.00 78
460.00 75
460.50 63
461.00 1
461.50 37
461.50 56
462.50 75
463.50 61
463.50 77
465.00 60
465.00 66
465.50 24
466.00 18
466.00 45
466.50 75
467.00 37
467.00 43
467.00 76
467.50 61
467.50 75
468.50 74
469.50 41
469.50 76
469.50 84
471.00 37
471.50 57
471.50 81
472.00 13
472.00 73
472.00 82
472.50 41
472.50 61
475.00 6
475.00 41
475.00 71
475.50 34
476.00 12
476.00 61
477.00 61
478.00 37
478.50 68
478.50 81
480.50 36
480.50 61
480.50 84
481.00 60
482.00 41
482.00 57
482.50 41
483.50 76
484.50 55
485.50 75
486.00 39
486.00 60
487.00 74
488.50 78
489.50 19
489.50 70
490.00 21
490.00 62
490.00 75
491.00 35
491.00 55
491.00 73
491.50 73
492.50 41
493.00 35
493.50 70
494.00 18
494.50 22
495.50 30
495.50 57
495.50 61
495.50 75
496.00 34
497.00 70
497.50 38
500.00 26
500.00 81
500.50 41
500.50 80
501.00 66
501.00 78
501.50 43
501.50 67
501.50 73
502.50 59
505.50 75
506.50 43
507.00 43
507.00 73
507.50 43
507.50 66
508.00 18
508.00 43
508.50 43
508.50 61
509.00 38
509.00 75
510.00 57
510.50 43
511.00 43
511.00 70
511.50 37
511.50 43
511.50 75
512.50 43
512.50 66
513.00 43
513.00 80
513.50 43
513.50 70
513.50 82
514.00 43
514.50 66
515.00 18
515.50 43
515.50 73
516.00 43
516.50 40
516.50 43
516.50 67
518.00 66
518.00 71
518.50 47
519.00 43
519.00 76
519.50 66
520.00 78
520.50 38
521.00 66
521.50 37
522.00 66
522.00 80
522.50 41
522.50 75
523.00 60
523.50 56
523.50 75
524.00 66
524.50 66
525.00 38
525.00 66
527.00 64
527.00 82
527.50 75
528.00 61
529.50 54
529.50 55
529.50 79
530.50 61
531.50 75
532.50 37
533.00 57
533.00 75
533.50 18
535.00 82
536.00 18
536.00 83
536.50 11
537.50 75
539.50 82
540.00 14
540.00 58
540.00 62
540.50 36
541.50 55
541.50 68
542.50 61
543.00 51
543.00 61
543.00 68
543.50 66
543.50 74
544.50 75
545.00 42
545.00 61
545.50 42
545.50 58
545.50 84
546.00 53
546.00 62
546.50 59
547.00 42
547.00 46
547.00 61
547.50 42
547.50 58
547.50 73
548.00 61
548.50 42
549.00 42
549.00 58
549.00 68
549.50 11
550.50 45
550.50 61
551.00 75
551.50 42
552.00 51
552.50 23
552.50 42
553.50 57
553.50 58
554.00 4
554.50 56
554.50 62
555.00 61
555.50 82
556.00 73
556.50 42
556.50 44
558.00 67
559.00 11
559.00 67
560.50 63
561.00 75
561.50 57
561.50 61
562.50 31
565.00 61
565.50 29
566.50 21
567.00 61
568.50 62
569.00 64
569.50 38
569.50 58
570.00 58
570.50 75
571.00 71
572.00 75
572.50 51
573.00 68
574.50 58
575.00 58
577.00 61
577.00 65
578.00 61
578.50 39
579.00 73
580.50 56
580.50 61
582.00 43
582.00 65
583.50 65
584.00 75
584.50 57
585.00 23
586.00 38
586.00 74
586.50 82
587.50 74
588.00 20
588.00 38
588.50 60
589.50 61
590.00 34
590.50 31
591.50 17
591.50 43
592.50 20
592.50 82
593.00 38
593.00 57
593.00 60
593.50 74
594.00 71
594.00 75
594.50 65
595.50 61
596.00 58
596.50 61
596.50 75
598.50 42
600.00 58
600.50 58
601.00 58
601.50 26
601.50 44
601.50 58
602.00 26
602.00 51
602.00 58
602.00 63
602.50 26
602.50 35
602.50 58
603.00 51
603.00 58
603.00 75
603.50 58
604.00 26
604.00 56
604.00 58
604.50 58
604.50 75
605.00 58
605.00 81
605.50 55
605.50 58
606.50 17
606.50 75
607.00 61
607.00 64
607.50 70
607.50 74
607.50 76
608.00 44
608.00 57
608.50 58
608.50 73
609.50 63
611.50 64
612.50 57
614.00 55
615.00 81
615.50 56
615.50 76
616.00 40
616.50 17
616.50 46
617.50 74
617.50 76
617.50 81
618.50 75
619.00 74
620.00 53
620.50 73
620.50 75
621.00 75
621.50 38
622.00 61
623.00 64
624.00 62
625.00 58
625.00 84
626.00 34
627.50 56
631.50 78
632.00 41
632.00 76
632.50 54
632.50 57
632.50 75
632.50 79
633.00 67
633.00 77
633.00 81
633.00 82
633.50 6
633.50 30
633.50 41
633.50 60
634.00 41
635.00 41
635.00 57
635.00 64
635.00 73
635.50 26
635.50 41
635.50 66
635.50 75
636.00 45
636.00 52
636.50 41
637.50 41
637.50 73
637.50 78
638.00 41
638.00 51
638.00 66
638.50 7
638.50 41
640.00 55
640.00 57
640.50 24
640.50 57
641.00 76
643.00 74
644.00 60
644.00 77
644.50 81
645.50 18
646.00 53
646.50 61
646.50 79
647.00 16
647.00 55
647.50 55
648.00 55
648.00 61
648.50 59
648.50 75
649.00 75
650.00 53
651.00 76
653.00 83
654.00 43
654.50 82
655.00 17
655.00 81
655.50 37
657.00 51
657.50 13
658.50 75
660.00 39
660.00 58
660.00 81
660.50 63
661.50 75
664.00 79
664.50 41
664.50 51
665.00 18
665.00 55
665.00 57
665.00 75
666.00 23
666.00 51
666.00 81
666.50 82
667.00 38
667.00 41
667.00 68
667.50 56
668.00 71
668.00 79
668.00 80
668.50 41
669.00 64
669.50 41
669.50 73
669.50 77
670.00 43
670.00 53
670.00 66
670.50 66
670.50 78
671.50 77
672.00 17
672.00 77
672.50 75
672.50 80
673.50 66
674.00 75
674.00 79
676.00 38
677.00 58
677.00 60
677.00 77
678.00 66
678.50 66
679.00 66
679.50 18
679.50 41
679.50 46
679.50 51
679.50 73
680.00 18
680.00 46
680.00 66
680.50 80
681.00 61
681.50 61
682.00 60
682.00 66
682.00 70
682.00 76
683.00 38
683.00 60
683.50 51
684.00 77
684.50 76
685.50 75
686.00 80
687.00 11
687.00 24
687.00 51
688.00 73
689.00 38
690.00 61
693.50 63
693.50 82
693.50 83
694.00 75
694.50 74
694.50 78
695.00 59
695.00 61
695.00 79
695.50 61
695.50 80
697.00 21
697.00 76
697.00 78
699.00 47
699.00 66
699.00 78
699.50 75
699.50 78
700.00 9
700.00 56
700.00 75
700.00 81
700.50 18
700.50 51
701.00 71
702.50 38
702.50 75
703.00 19
703.00 75
703.50 61
703.50 74
704.00 77
704.50 57
704.50 80
705.00 57
705.50 59
705.50 60
706.00 63
706.50 31
707.00 78
708.00 40
708.00 66
708.50 49
709.00 70
709.50 61
710.50 56
710.50 67
710.50 75
710.50 77
712.50 73
712.50 82
713.00 78
714.00 38
715.00 75
715.50 62
715.50 84
717.00 78
719.00 75
737.00 58
737.50 38
738.00 16
738.00 53
738.50 64
739.50 38
739.50 61
739.50 77
740.00 23
740.50 60
740.50 73
741.00 78
741.50 42
742.00 28
742.00 59
743.00 73
743.00 77
743.50 33
744.00 57
744.50 4
744.50 61
744.50 75
745.50 75
746.00 56
746.00 61
746.50 80
747.00 47
747.50 55
748.00 44
749.50 2
749.50 61
749.50 75
751.00 56
752.00 53
752.00 68
752.50 18
752.50 58
752.50 75
752.50 82
752.50 83
753.00 38
753.00 74
754.50 71
755.50 75
757.00 49
757.00 73
757.50 61
758.00 58
758.00 67
758.50 42
758.50 73
758.50 74
761.50 51
761.50 68
762.00 71
762.00 80
762.50 73
764.50 58
765.50 20
765.50 80
766.00 58
766.50 56
766.50 81
767.00 55
767.00 64
767.00 72
767.50 62
769.00 81
769.50 71
770.00 74
770.00 82
771.00 76
772.50 13
772.50 78
773.00 43
774.00 75
774.00 82
774.50 82
775.00 62
775.00 77
776.50 49
776.50 55
776.50 81
777.00 56
778.00 64
778.00 78
778.50 1
779.50 38
780.00 73
781.00 61
781.00 73
781.50 39
782.00 76
782.50 18
783.50 18
783.50 31
783.50 53
783.50 79
784.00 73
785.00 34
786.00 38
786.00 59
786.50 58
787.00 61
787.50 57
790.00 35
791.00 33
791.50 38
791.50 51
791.50 75
792.00 21
792.50 64
793.00 62
793.00 73
793.50 41
794.00 30
794.00 49
794.50 78
795.00 58
795.50 58
796.00 56
796.00 70
796.50 14
796.50 63
796.50 80
797.00 74
798.00 40
798.00 76
798.50 76
799.00 51
799.00 72
799.00 73
799.50 38
799.50 77
800.50 61
801.50 60
809.00 79
809.50 57
810.00 38
810.50 59
811.00 81
811.00 84
811.50 17
813.00 47
813.00 73
815.00 58
815.00 78
815.50 58
815.50 60
816.00 55
818.00 34
818.00 77
818.50 38
820.50 59
821.00 61
821.00 74
822.00 37
822.00 82
822.50 55
823.50 41
823.50 59
824.00 75
824.50 73
824.50 75
825.00 78
825.50 75
826.50 76
826.50 77
827.50 40
827.50 41
827.50 45
828.00 53
828.00 82
828.50 73
829.00 41
829.50 14
830.00 34
831.00 37
832.00 42
832.00 63
832.50 77
833.50 37
833.50 61
833.50 78
834.00 68
834.00 75
834.50 36
834.50 47
835.00 39
835.50 11
836.00 73
836.50 54
838.00 13
838.50 61
840.00 21
841.50 41
841.50 59
842.50 16
843.50 71
845.00 55
845.00 75
845.50 11
845.50 41
845.50 74
847.50 58
848.50 35
849.00 38
849.00 61
849.50 11
849.50 56
849.50 61
850.00 37
850.00 41
850.50 57
850.50 59
850.50 63
850.50 72
851.00 18
851.00 78
852.00 38
852.00 67
852.00 73
852.50 30
853.00 41
853.00 77
853.50 61
854.00 42
854.00 61
855.00 18
855.00 41
855.00 75
855.50 56
855.50 68
855.50 80
856.00 60
856.00 75
856.50 46
857.50 13
857.50 61
858.50 45
859.50 38
860.00 33
860.00 41
860.00 71
860.00 82
860.50 61
861.00 21
861.00 38
861.00 41
861.00 75
861.50 57
862.00 57
862.00 75
862.50 31
862.50 75
862.50 78
863.00 37
863.50 38
863.50 61
863.50 77
864.50 77
865.00 19
865.00 57
866.00 53
866.50 43
866.50 80
867.00 46
867.00 73
867.00 80
867.50 37
868.00 56
868.50 38
868.50 40
868.50 66
868.50 76
869.50 18
869.50 68
869.50 73
870.00 18
870.00 76
870.00 80
870.50 42
871.00 12
871.00 18
871.50 41
872.50 82
874.50 75
876.50 74
877.50 66
878.00 18
878.50 33
879.50 18
880.00 18
880.50 66
881.00 43
881.00 66
881.00 83
881.50 39
882.00 34
882.00 43
882.00 56
882.00 57
882.50 18
882.50 43
882.50 66
883.00 38
883.00 66
883.00 81
883.50 43
883.50 66
883.50 71
884.00 43
884.00 53
884.00 66
884.50 55
884.50 68
885.00 43
885.00 56
885.00 77
885.50 43
885.50 66
885.50 77
886.00 35
886.00 43
886.00 66
886.50 18
886.50 24
886.50 43
886.50 66
887.50 1
887.50 43
887.50 70
887.50 79
888.00 17
888.00 43
888.00 56
888.00 60
888.50 37
888.50 43
888.50 57
888.50 66
889.00 43
889.00 56
889.00 66
889.50 43
889.50 65
889.50 77
890.50 13
890.50 18
890.50 43
890.50 79
891.00 43
891.00 66
891.50 43
892.00 43
892.00 74
892.50 60
893.00 43
893.00 79
893.50 17
893.50 45
893.50 53
894.00 54
894.00 79
894.00 82
894.50 66
895.00 76
895.50 78
896.00 42
896.00 57
896.50 37
896.50 53
898.50 1
898.50 31
899.00 60
901.00 13
901.50 75
901.50 79
902.00 75
902.50 37
902.50 44
902.50 65
903.00 73
903.00 78
903.50 56
904.50 41
907.00 73
907.00 75
907.50 58
907.50 62
908.00 36
908.00 62
909.00 61
909.50 74
910.00 24
910.00 59
911.00 54
911.00 59
911.00 68
911.50 22
911.50 64
912.00 62
912.50 36
912.50 58
912.50 62
913.00 26
913.50 22
913.50 26
914.50 59
914.50 61
914.50 62
914.50 63
914.50 64
915.00 34
915.00 83
916.00 58
916.00 61
916.00 75
916.50 58
917.00 51
917.00 58
917.00 68
917.50 14
918.00 51
919.00 56
919.50 83
920.00 51
920.00 75
920.00 83
920.50 18
920.50 26
920.50 58
920.50 74
921.00 16
921.00 42
921.00 55
921.00 58
921.00 68
921.00 75
921.50 53
921.50 74
921.50 75
922.00 38
922.00 68
922.50 42
922.50 55
922.50 75
922.50 81
923.50 42
923.50 53
924.00 42
925.50 42
926.00 34
927.00 13
927.00 37
927.00 83
927.50 42
927.50 73
927.50 75
928.50 55
928.50 56
929.50 61
929.50 75
930.00 42
930.00 53
930.00 75
931.50 75
932.00 63
933.00 60
933.50 61
934.00 81
934.50 56
934.50 74
934.50 75
937.50 46
938.50 18
938.50 58
938.50 65
939.50 58
940.00 42
940.00 58
940.00 76
940.50 63
942.00 51
943.00 58
943.50 82
944.00 57
944.50 31
945.50 63
947.00 70
948.00 61
949.00 52
949.50 68
950.50 54
951.00 17
951.00 58
951.00 75
951.00 83
952.00 64
953.00 33
953.00 61
954.00 37
954.00 73
954.50 19
954.50 38
955.00 14
955.00 61
955.50 65
955.50 74
956.00 43
957.00 74
957.50 38
958.00 75
958.50 75
960.00 75
960.50 61
961.00 61
962.00 55
962.00 73
963.00 70
963.50 42
964.00 58
965.00 82
966.00 82
969.00 13
969.00 38
969.00 75
970.00 58
970.50 56
970.50 58
971.00 26
971.00 58
971.50 26
971.50 58
972.00 26
972.00 42
972.00 58
972.50 26
972.50 58
972.50 75
972.50 76
973.00 26
973.00 58
973.50 26
973.50 58
974.00 38
974.00 42
974.50 26
974.50 58
975.00 58
975.00 61
975.50 58
975.50 74
975.50 75
976.50 26
977.50 34
978.00 58
978.50 57
978.50 75
979.50 66
980.50 75
981.00 63
981.00 75
981.50 21
982.00 10
982.00 60
982.50 70
983.00 41
983.50 53
984.50 23
984.50 39
984.50 74
985.00 61
985.50 33
985.50 65
986.00 33
986.50 47
987.50 73
987.50 75
988.00 62
989.00 60
990.00 34
990.00 68
990.50 67
990.50 75
991.00 55
991.50 76
992.00 1
992.00 75
992.00 81
992.00 82
992.50 11
992.50 55
992.50 57
992.50 75
994.00 53
995.00 67
995.00 75
995.50 55
995.50 59
996.00 35
996.00 74
996.50 65
997.00 75
1003.00 66
1003.50 54
1003.50 73
1004.00 18
1004.00 61
1004.00 63
1004.00 80
1005.00 78
1005.50 74
1006.00 64
1006.50 61
1006.50 67
1007.00 41
1007.00 64
1007.50 41
1007.50 59
1008.00 38
1008.00 41
1008.00 42
1008.00 47
1008.00 76
1008.00 83
1008.50 41
1008.50 75
1009.00 18
1009.50 18
1009.50 82
1010.00 41
1010.50 31
1010.50 41
1010.50 80
1011.00 41
1011.50 41
1011.50 56
1012.00 41
1012.00 56
1012.50 19
1012.50 41
1013.00 41
1013.50 70
1013.50 81
1013.50 82
1015.00 61
1015.50 30
1015.50 37
1016.00 80
1016.50 72
1017.00 49
1017.00 61
1017.50 56
1018.00 57
1018.00 78
1018.50 76
1019.50 38
1020.00 38
1021.00 81
1021.50 75
1021.50 84
1022.50 75
1024.50 18
1025.00 47
1026.00 74
1026.00 81
1026.50 18
1027.00 22
1028.50 51
1029.50 56
1029.50 67
1032.50 60
1033.00 30
1034.50 63
1035.00 73
1035.50 38
1036.00 57
1036.00 59
1036.50 41
1037.00 41
1037.00 70
1038.50 70
1039.00 41
1039.00 75
1039.50 38
1040.00 24
1041.50 75
1041.50 77
1042.50 51
1043.50 31
1044.00 68
1044.50 77
1045.00 56
1045.50 66
1046.00 18
1046.00 78
1046.50 65
1048.00 60
1048.00 74
1048.00 78
1048.50 73
1049.00 66
1049.50 60
1050.00 18
1050.50 66
1051.00 15
1051.00 18
1051.00 38
1051.00 66
1051.00 71
1051.50 46
1052.00 40
1052.00 66
1052.00 73
1052.50 57
1053.00 60
1053.50 51
1053.50 60
1053.50 83
1054.00 59
1055.50 60
1055.50 82
1056.00 44
1056.50 79
1057.00 38
1057.00 51
1057.50 52
1058.50 37
1058.50 82
1059.00 57
1060.00 74
1062.00 57
1063.50 37
1063.50 49
1067.00 17
1067.50 74
1071.50 74
1074.50 16
1076.00 75
1076.00 80
1076.50 75
1077.00 61
1078.50 49
1079.50 78
1080.00 37
1080.00 61
1080.00 82
1080.50 31
1080.50 38
1081.00 18
1084.00 51
1085.50 17
1086.00 37
1086.00 79
1086.50 82
1087.00 61
1087.00 78
1087.50 56
1087.50 76
1088.00 78
1089.00 69
1090.50 51
1091.00 53
1093.00 44
1093.00 66
1093.00 74
1093.00 79
1093.50 1
1093.50 5
1093.50 9
1093.50 13
1093.50 17
1093.50 18
1093.50 27
1093.50 29
1093.50 37
1093.50 38
1093.50 40
1093.50 42
1093.50 45
1093.50 48
1093.50 53
1093.50 56
1093.50 57
1093.50 58
1093.50 61
1093.50 63
1093.50 64
1093.50 66
1093.50 69
1093.50 70
1093.50 80
1094.00 41
1094.00 76
1095.00 75
1095.50 38
1095.50 79
1096.00 47
1096.00 81
1096.50 66
1096.50 75
1096.50 83
1098.00 79
1100.00 15
1100.00 75
1101.00 75
1101.50 76
1102.00 51
1102.00 73
1102.50 63
1102.50 80
1103.50 51
1103.50 55
1104.00 59
1104.00 78
1104.50 13
1104.50 33
1104.50 35
1105.00 46
1106.00 55
1106.50 50
1106.50 64
1106.50 78
1107.00 55
1107.50 64
1108.50 77
1109.50 74
1110.00 70
1110.50 18
1111.00 47
1111.50 82
1112.00 61
1112.00 75
1112.50 57
1113.00 61
1113.50 51
1114.50 57
1114.50 64
1115.00 78
1115.00 82
1115.50 73
1116.00 78
1116.00 79
1116.50 40
1117.00 16
1117.00 47
1117.50 34
1117.50 36
1117.50 61
1117.50 80
1120.00 75
1120.50 17
1121.50 31
1121.50 53
1122.50 38
1122.50 66
1123.00 62
1123.00 75
1126.00 61
1126.00 64
1128.00 24
1128.00 58
1128.50 49
1128.50 75
1129.00 59
1129.00 74
1129.50 79
1130.50 70
1131.00 61
1131.00 76
1131.00 80
1131.50 38
1131.50 62
1132.00 80
1132.50 74
1133.50 62
1133.50 82
1134.00 57
1134.50 70
1135.00 74
1135.00 75
1137.00 45
1137.00 59
1138.00 53
1138.00 68
1139.00 73
1140.00 73
1140.00 84
1140.50 33
1141.00 24
1144.00 78
1145.00 61
1145.00 75
1146.00 56
1146.50 73
1146.50 76
1146.50 80
1147.00 74
1147.50 51
1148.00 57
1148.00 82
1149.00 76
1149.50 66
1149.50 73
1150.50 53
1150.50 59
1150.50 78
1156.00 70
1156.50 75
1157.00 62
1157.50 58
1157.50 75
1161.50 63
1162.00 61
1162.50 53
1162.50 61
1163.50 61
1164.50 77
1165.50 78
1166.00 60
1167.00 38
1167.00 75
1168.00 77
1170.00 73
1171.00 57
1171.50 75
1172.00 15
1172.00 19
1172.50 63
1173.00 56
1173.50 81
1174.00 61
1175.00 84
1176.00 57
1176.00 77
1176.00 82
1176.50 17
1176.50 67
1177.00 41
1177.50 65
1178.00 58
1179.00 51
1179.50 51
1179.50 66
1180.00 61
1181.00 57
1181.50 51
1183.50 59
1183.50 73
1183.50 75
1184.00 61
1184.50 67
1184.50 80
1185.00 56
1185.00 60
1185.00 64
1185.00 71
1185.00 76
1185.00 79
1185.00 81
1185.00 83
1185.00 84
1185.50 35
1185.50 78
1186.00 78
1186.50 37
1186.50 41
1187.50 39
1187.50 63
1187.50 79
1188.50 56
1189.00 41
1189.00 75
1190.50 42
1190.50 57
1191.00 57
1191.00 75
1191.50 78
1192.00 33
1192.00 35
1192.50 33
1192.50 37
1192.50 40
1192.50 79
1192.50 80
1194.50 78
1195.00 59
1195.50 11
1195.50 41
1196.50 41
1196.50 84
1197.00 53
1198.00 76
1198.00 80
1198.50 77
1198.50 81
1199.00 56
1200.00 75
1200.50 57
1203.00 81
1205.00 55
1205.00 74
1205.50 61
1206.50 53
1207.00 24
1207.50 78
1209.00 33
1209.00 63
1209.00 73
1209.50 4
1212.00 41
1212.50 60
1214.50 34
1216.50 73
1217.50 66
1218.50 18
1218.50 44
1218.50 61
1218.50 64
1219.50 82
1220.00 75
1220.50 44
1221.00 77
1222.00 74
1222.50 77
1224.00 41
1224.50 73
1225.00 38
1225.50 75
1226.50 61
1228.00 55
1228.00 78
1229.00 13
1229.00 59
1229.50 43
1230.00 17
1230.00 18
1230.50 73
1231.00 59
1231.00 75
1231.00 77
1231.50 4
1231.50 13
1231.50 14
1231.50 18
1231.50 31
1231.50 58
1231.50 71
1231.50 75
1231.50 77
1231.50 82
1232.00 16
1232.00 26
1232.00 33
1232.00 76
1232.00 79
1232.50 68
1233.50 57
1233.50 61
1233.50 69
1234.00 41
1234.00 74
1234.50 84
1235.00 4
1235.00 40
1235.00 66
1235.00 73
1235.50 15
1235.50 33
1235.50 38
1235.50 39
1236.00 66
1237.50 20
1237.50 38
1237.50 56
1238.50 61
1239.00 64
1240.00 75
1240.50 37
1240.50 38
1240.50 75
1241.00 18
1241.00 41
1241.50 20
1241.50 66
1242.00 36
1242.00 66
1242.50 18
1242.50 74
1243.00 53
1243.50 66
1244.00 75
1244.00 78
1247.50 38
1247.50 73
1248.50 57
1248.50 75
1249.00 59
1249.00 61
1249.50 18
1249.50 38
1250.00 18
1250.00 66
1251.00 66
1251.00 75
1253.00 66
1253.00 77
1253.00 78
1253.00 82
1254.00 37
1255.00 73
1255.50 11
1256.00 43
1256.50 35
1256.50 43
1257.00 18
1257.00 43
1257.00 58
1257.50 38
1257.50 43
1257.50 64
1258.00 43
1258.50 65
1259.00 43
1259.00 66
1259.00 78
1259.50 41
1260.00 43
1260.00 80
1260.50 56
1261.00 43
1261.50 60
1261.50 82
1262.00 43
1262.00 56
1262.50 18
1263.00 43
1263.50 43
1264.00 18
1264.00 43
1264.00 63
1264.50 43
1265.00 70
1265.50 43
1266.00 18
1266.50 70
1267.00 43
1267.50 80
1269.00 73
1269.00 78
1269.50 11
1269.50 43
1270.50 43
1274.50 57
1274.50 58
1274.50 62
1275.00 62
1275.50 35
1275.50 57
1276.00 33
1276.00 60
1276.00 61
1276.50 62
1277.00 68
1278.00 58
1279.00 22
1279.00 55
1279.00 68
1279.50 68
1280.00 56
1280.00 73
1280.00 74
1280.00 76
1281.00 34
1281.00 59
1281.50 61
1282.00 58
1282.00 63
1282.50 11
1282.50 58
1282.50 61
1282.50 64
1283.00 61
1284.00 67
1284.50 24
1284.50 57
1284.50 73
1285.00 29
1285.00 84
1285.50 58
1285.50 75
1286.00 74
1288.00 58
1290.50 82
1291.00 74
1292.00 61
1292.50 75
1293.00 75
1293.50 61
1293.50 76
1294.00 47
1295.00 42
1295.00 66
1296.50 40
1297.50 74
1298.50 42
1299.00 42
1299.00 51
1299.50 51
1299.50 74
1300.00 42
1300.00 74
1300.50 42
1301.00 42
1301.50 35
1301.50 58
1302.50 42
1302.50 61
1305.00 44
1305.00 51
1305.50 75
1307.00 33
1307.00 61
1307.50 58
1308.00 42
1308.00 58
1308.50 42
1308.50 58
1308.50 74
1309.00 84
1310.00 64
1310.50 61
1310.50 67
1310.50 75
1311.50 51
1311.50 75
1312.00 64
1312.50 75
1313.00 44
1313.00 56
1313.50 53
1314.50 31
1314.50 57
1315.50 38
1316.50 20
1317.00 51
1317.00 74
1317.50 60
1317.50 75
1318.00 16
1318.00 39
1319.00 20
1319.00 28
1319.50 13
1320.00 34
1320.00 63
1320.50 56
1321.50 61
1322.00 16
1322.50 4
1322.50 65
1323.00 67
1323.50 24
1324.00 28
1324.00 76
1324.50 44
1325.00 55
1325.50 9
1325.50 57
1326.00 38
1326.50 68
1327.00 64
1327.50 50
1328.50 61
1329.00 61
1329.50 7
1329.50 61
1330.00 73
1330.50 64
1331.00 75
1331.50 37
1332.00 20
1332.50 57
1332.50 82
1333.50 84
1335.00 58
1335.00 76
1338.00 45
1338.50 26
1338.50 58
1339.00 58
1339.50 26
1339.50 42
1339.50 58
1340.00 26
1340.00 58
1340.00 61
1340.50 26
1340.50 58
1340.50 75
1340.50 82
1341.00 17
1341.00 26
1341.00 58
1341.00 61
1341.50 58
1342.00 26
1342.00 42
1342.00 58
1342.00 60
1342.50 26
1342.50 58
1343.00 26
1343.00 51
1343.00 58
1343.50 58
1344.00 11
1344.00 35
1344.00 58
1344.50 53
1344.50 75
1345.00 26
1345.00 35
1345.00 75
1345.50 58
1346.00 18
1346.50 58
1346.50 65
1347.00 61
1348.50 57
1349.00 73
1349.50 43
1350.00 43
1350.50 60
1351.00 13
1351.00 42
1351.00 82
1351.50 24
1352.00 63
1353.50 55
1354.00 66
1354.50 76
1355.00 56
1356.50 75
1357.00 75
1358.00 29
1358.00 74
1358.50 55
1358.50 67
1358.50 73
1359.50 18
1359.50 74
1360.50 47
1360.50 75
1361.50 73
1361.50 74
1362.00 64
1362.50 64
1364.50 11
1364.50 31
1364.50 55
1364.50 57
1365.50 11
1365.50 68
1366.00 8
1367.00 11
1367.00 40
1367.00 61
1367.50 44
1368.00 38
1369.00 61
1369.50 56
1374.00 75
1375.50 66
1376.00 38
1376.50 41
1376.50 43
1376.50 54
1376.50 61
1377.00 43
1377.50 53
1377.50 66
1377.50 79
1378.00 38
1378.00 43
1378.00 51
1378.00 66
1378.50 54
1378.50 55
1380.00 18
1380.00 80
1380.50 18
1380.50 41
1380.50 61
1380.50 78
1381.00 79
1381.50 26
1381.50 57
1381.50 68
1381.50 78
1382.00 19
1382.00 41
1382.50 41
1382.50 66
1383.00 31
1383.00 41
1383.00 64
1383.00 73
1383.50 41
1384.00 41
1384.00 84
1384.50 41
1384.50 62
1385.00 41
1385.50 41
1385.50 73
1386.00 41
1386.50 41
1387.00 41
1387.00 43
1387.50 75
1388.00 41
1388.00 63
1388.50 79
1389.00 80
1389.50 41
1390.50 39
1390.50 72
1391.00 59
1391.50 66
1392.00 51
1392.00 55
1393.00 37
1393.00 78
1393.50 24
1393.50 77
1393.50 84
1394.00 52
1394.50 66
1395.00 74
1395.50 38
1396.00 24
1396.00 60
1396.00 81
1396.00 83
1396.50 49
1396.50 74
1397.00 81
1398.00 75
1398.00 80
1398.50 75
1398.50 79
1399.50 73
1400.50 51
1401.00 61
1402.50 60
1404.50 16
1404.50 76
1405.00 24
1405.00 79
1406.50 74
1408.00 64
1408.00 80
1408.50 41
1408.50 60
1408.50 74
1409.00 41
1409.00 49
1409.00 80
1409.50 11
1409.50 41
1409.50 51
1410.00 75
1410.50 66
1410.50 75
1412.00 61
1413.50 15
1413.50 76
1414.00 80
1414.50 29
1414.50 53
1415.00 57
1416.00 31
1416.00 58
1418.50 49
1420.50 18
1421.00 18
1421.00 38
1421.00 66
1421.00 68
1421.00 73
1421.50 66
1422.00 31
1422.00 46
1422.00 66
1422.00 76
1422.50 56
1422.50 59
1423.50 63
1423.50 79
1424.00 66
1424.50 66
1425.00 42
1425.00 46
1425.00 61
1425.50 40
1426.00 66
1426.00 73
1426.50 38
1426.50 73
1428.00 13
1428.50 46
1428.50 68
1429.00 18
1429.00 61
1430.00 10
1430.00 70
1430.50 49
1431.00 58
1431.00 75
1432.50 61
1433.00 31
1433.50 38
1433.50 78
1435.00 38
1435.00 61
1436.00 19
1438.50 51
1439.00 81
1439.00 84
1440.00 42
1440.50 39
1440.50 56
1440.50 75
1440.50 83
1441.00 58
1442.00 64
1442.00 80
1442.50 60
1443.00 56
1443.00 69
1444.50 49
1445.00 49
1445.00 56
1445.00 61
1445.00 76
1445.50 14
1446.00 37
1446.00 75
1446.00 76
1446.50 38
1446.50 61
1447.00 5
1447.00 45
1448.00 44
1448.00 80
1448.50 74
1448.50 79
1449.00 81
1450.00 47
1450.00 75
1451.50 40
1451.50 67
1452.00 75
1452.50 57
1452.50 78
1453.00 74
1454.00 54
1454.50 18
1454.50 58
1454.50 61
1455.00 17
1455.50 76
1456.00 58
1456.00 75
1456.00 80
1456.50 61
1457.00 22
1457.50 61
1458.50 73
1459.50 79
1460.00 62
1460.00 73
1460.50 38
1460.50 75
1461.00 61
1461.00 79
1461.50 61
1461.50 64
1461.50 65
1461.50 75
1462.00 13
1462.00 41
1462.00 59
1462.50 57
1463.00 49
1463.00 59
1464.00 76
1464.50 38
1464.50 77
1465.50 38
1465.50 42
1465.50 57
1466.00 79
1466.50 37
1467.00 24
1467.00 63
1468.50 57
1469.00 66
1469.50 55
1471.00 82
1472.00 44
1472.00 84
1472.50 38
1473.50 78
1475.00 21
1475.50 35
1477.50 51
1478.00 35
1479.00 75
1480.00 78
1480.50 79
1481.00 77
1481.50 80
1482.00 59
1484.50 30
1485.50 60
1486.00 75
1487.50 34
1488.00 45
1488.00 64
1490.00 58
1490.50 58
1491.00 66
1491.50 46
1491.50 58
1492.00 54
1492.50 58
1492.50 82
1493.00 61
1494.00 75
1494.50 82
1495.00 81
1495.50 31
1495.50 44
1495.50 45
1495.50 75
1496.00 84
1496.50 58
1497.00 18
1497.50 79
1498.50 51
1498.50 75
1499.00 17
1499.00 30
1499.00 66
1499.50 70
1500.00 38
1500.50 38
1502.00 45
1502.50 61
1502.50 82
1503.00 73
1503.00 75
1503.50 64
1504.00 45
1504.50 56
1504.50 61
1505.00 13
1505.00 40
1505.00 80
1505.50 61
1506.00 51
1506.00 64
1506.00 74
1506.00 75
1507.00 76
1507.50 49
1507.50 54
1507.50 76
1508.00 47
1509.00 58
1509.50 64
1509.50 75
1509.50 77
1510.00 82
1510.50 43
1510.50 67
1510.50 75
1511.00 25
1511.00 56
1511.00 62
1511.50 60
1511.50 80
1512.00 74
1512.50 61
1513.00 63
1513.50 78
1514.00 34
1514.50 13
1514.50 60
1514.50 61
1515.00 66
1515.00 67
1515.00 68
1515.50 63
1516.00 57
1516.50 38
1516.50 61
1518.00 38
1518.00 78
1518.50 34
1519.00 73
1519.50 61
1520.00 33
1520.00 55
1520.00 63
1520.50 12
1520.50 15
1520.50 61
1520.50 72
1520.50 75
1520.50 77
1521.50 34
1522.00 57
1522.50 55
1523.50 74
1525.50 55
1526.00 39
1527.00 77
1527.50 83
1528.00 57
1528.50 58
1528.50 61
1529.00 18
1529.00 79
1529.50 59
1530.00 59
1530.00 60
1530.00 75
1530.50 21
1530.50 71
1531.00 27
1531.00 44
1531.00 61
1531.00 77
1531.50 60
1531.50 75
1532.00 61
1533.50 38
1534.50 58
1534.50 62
1535.00 55
1535.00 59
1536.50 75
1537.00 61
1538.00 20
1538.00 56
1539.00 58
1539.00 70
1539.00 77
1541.00 75
1541.50 58
1542.50 26
1543.50 75
1544.00 51
1545.50 55
1545.50 83
1546.00 43
1546.00 73
1547.00 74
1547.50 73
1548.00 60
1549.50 2
1549.50 56
1549.50 64
1550.00 60
1550.50 57
1552.00 48
1552.00 51
1552.00 62
1552.50 63
1553.00 20
1553.00 44
1553.00 56
1553.00 61
1553.50 34
1553.50 62
1553.50 79
1554.00 21
1554.00 70
1555.00 14
1555.00 42
1555.00 71
1555.50 75
1555.50 78
1557.00 13
1561.00 34
1561.00 37
1561.00 42
1561.00 57
1561.00 73
1561.50 82
1562.00 57
1562.00 58
1562.00 76
1562.50 75
1563.00 61
1563.00 64
1563.00 66
1563.00 70
1563.50 77
1564.00 38
1564.50 61
1564.50 80
1565.00 33
1565.50 41
1565.50 60
1565.50 75
1566.00 55
1566.50 69
1566.50 80
1567.00 37
1567.00 64
1567.50 19
1567.50 81
1568.50 34
1568.50 36
1568.50 66
1569.00 74
1569.00 75
1569.50 75
1569.50 78
1570.00 75
1570.50 61
1570.50 77
1570.50 79
1571.00 76
1571.50 63
1572.00 69
1572.00 75
1572.50 81
1573.50 73
1574.50 16
1575.00 32
1575.00 81
1575.50 59
1575.50 75
1575.50 81
1576.50 67
1576.50 75
1577.00 61
1577.00 75
1577.50 38
1577.50 56
1577.50 75
1578.00 20
1578.50 43
1578.50 75
1579.00 24
1579.00 41
1579.00 83
1580.00 47
