# This file specifies the times (floored bkjd) and skygroups during which
# an anomalous number of long-period (>50 days) transits were detected.
#
# bkjd skygroup
133.50 62
133.50 63
133.50 66
133.50 71
133.50 73
133.50 74
133.50 75
133.50 76
133.50 77
133.50 81
133.50 82
134.50 81
137.00 59
141.50 28
145.50 77
147.50 80
149.50 64
149.50 81
151.50 65
152.00 59
152.50 65
155.50 58
155.50 60
156.00 79
156.00 80
157.00 51
160.50 33
160.50 75
162.00 61
162.50 56
163.00 38
173.50 38
175.00 65
175.50 4
177.00 2
178.00 65
179.00 81
180.00 41
180.50 17
180.50 18
180.50 22
180.50 33
180.50 41
180.50 42
180.50 48
180.50 65
180.50 73
180.50 77
180.50 82
180.50 83
181.00 40
181.00 61
182.50 77
183.50 17
184.00 4
184.00 26
184.00 54
184.00 66
184.00 75
184.50 81
185.50 38
188.50 82
189.50 66
190.00 18
192.50 31
195.00 77
199.00 3
199.00 18
199.00 51
200.50 80
201.50 18
202.00 66
202.50 18
202.50 51
204.00 43
205.00 18
205.00 51
205.50 66
208.50 56
210.00 73
210.50 75
211.50 11
212.50 43
213.00 43
213.00 53
213.50 23
214.00 18
214.00 66
214.50 43
215.50 57
216.00 74
216.50 43
219.50 4
220.00 45
226.50 4
226.50 46
226.50 79
227.00 67
228.50 33
229.00 11
230.00 40
231.00 75
234.00 84
234.50 58
235.50 58
236.00 63
236.50 23
238.50 31
240.00 51
247.00 58
249.50 26
254.50 43
256.00 57
256.00 58
256.50 58
256.50 62
257.00 58
257.50 58
268.00 51
268.50 31
271.00 73
274.00 75
276.00 64
276.00 68
277.50 51
277.50 80
285.00 38
287.00 58
287.50 58
288.00 58
288.50 42
288.50 58
289.00 26
289.00 58
289.50 58
290.00 58
290.50 58
291.00 58
298.00 59
299.50 82
301.50 56
302.00 61
304.00 31
304.00 61
306.50 74
313.00 75
315.50 51
325.50 61
329.00 49
331.00 41
331.00 54
331.50 41
332.00 52
332.00 66
332.50 24
332.50 41
333.50 39
334.50 49
337.50 49
338.00 74
339.50 56
342.50 81
344.50 41
345.50 79
347.00 77
347.50 41
348.00 41
348.50 18
353.50 55
357.50 79
358.00 67
363.00 4
364.00 74
369.00 38
369.50 38
369.50 78
370.00 38
371.50 37
371.50 57
372.00 75
374.00 23
375.00 79
376.00 18
379.00 80
381.00 51
384.50 58
386.00 49
388.00 48
388.00 65
391.00 49
391.50 40
391.50 66
392.50 23
393.50 49
394.50 31
397.00 71
397.50 51
398.00 51
398.00 84
399.00 49
400.50 61
401.50 51
402.50 63
403.50 51
403.50 75
404.50 24
404.50 49
404.50 80
411.50 63
415.50 80
416.50 38
423.00 60
426.50 46
427.00 61
429.00 48
432.00 49
435.50 61
439.00 64
440.00 31
440.50 57
441.50 81
443.50 78
444.00 59
444.50 13
457.50 84
460.50 46
461.50 58
462.50 45
464.50 63
470.50 73
476.50 30
476.50 76
477.00 58
477.00 84
478.00 47
478.00 83
482.00 43
485.00 58
485.50 16
492.00 84
494.50 53
495.50 26
496.50 71
497.50 38
498.50 58
500.00 81
500.50 73
501.50 61
502.00 18
504.00 28
504.00 84
512.50 59
514.00 73
516.00 31
521.00 31
521.00 64
521.50 10
522.50 48
524.50 25
525.00 63
525.50 45
527.00 82
528.00 48
528.00 73
529.00 65
529.50 47
530.00 73
531.50 82
537.00 66
539.50 38
540.50 17
550.50 59
550.50 63
555.50 17
560.50 38
564.00 74
565.00 57
565.50 74
568.50 53
570.50 18
572.50 51
579.00 66
579.50 17
579.50 66
580.00 18
580.00 66
580.50 66
582.00 43
582.50 43
583.50 73
584.00 61
584.50 43
584.50 66
585.00 74
585.50 43
588.00 66
590.50 31
591.00 63
591.50 31
591.50 43
591.50 60
593.00 75
593.50 66
594.00 65
594.50 53
603.50 42
605.00 51
605.50 61
606.00 68
608.00 58
608.00 75
609.00 59
609.50 21
609.50 38
609.50 55
611.00 74
612.00 81
613.00 22
614.00 46
614.00 67
614.50 75
615.00 18
615.00 81
617.50 81
620.00 84
620.50 58
621.00 58
623.50 42
624.00 26
625.00 55
626.00 81
626.50 59
629.00 42
632.00 45
632.00 75
632.00 76
632.00 84
633.00 84
633.50 18
639.50 26
639.50 58
640.00 58
641.50 58
642.00 61
643.50 53
644.00 83
645.50 59
646.00 51
648.00 15
653.00 83
654.00 73
655.00 31
656.00 65
660.00 31
661.00 62
662.50 31
664.00 58
668.00 74
671.50 58
672.00 58
672.50 58
673.00 58
675.00 58
676.50 51
677.00 65
677.50 46
677.50 49
679.00 51
680.50 17
686.50 3
692.00 38
694.50 66
694.50 67
695.50 15
696.00 70
699.50 75
701.50 41
702.00 38
702.00 41
702.50 41
704.00 58
704.50 54
704.50 83
705.50 49
706.00 67
706.50 75
707.50 41
707.50 73
707.50 75
708.50 18
710.50 41
710.50 71
710.50 81
711.50 41
712.00 41
712.50 41
712.50 79
714.00 53
716.50 38
716.50 72
736.00 79
737.00 18
739.00 41
739.00 51
740.00 60
740.00 76
741.50 56
742.00 18
742.50 18
743.50 31
746.00 66
748.50 84
749.50 49
750.50 18
750.50 37
750.50 66
751.50 66
752.00 18
752.50 75
753.50 15
753.50 49
755.00 57
755.00 78
765.50 25
766.50 61
769.50 77
774.50 18
774.50 61
775.00 82
776.00 75
777.00 66
780.00 37
780.50 38
780.50 74
781.00 14
781.50 79
781.50 84
783.50 49
783.50 81
786.00 46
786.00 74
786.50 80
792.50 31
792.50 58
793.00 1
793.00 10
793.00 18
793.00 22
793.00 26
793.00 30
793.00 43
793.00 44
793.00 47
793.00 51
793.00 56
793.00 58
793.00 66
793.00 79
793.50 2
793.50 9
793.50 13
793.50 14
793.50 16
793.50 18
793.50 19
793.50 20
793.50 26
793.50 30
793.50 31
793.50 40
793.50 50
793.50 57
793.50 64
793.50 79
794.00 61
794.50 50
795.50 54
796.50 59
796.50 66
801.00 82
801.50 30
801.50 64
808.50 73
809.50 58
810.00 58
812.00 19
813.50 61
815.00 71
815.50 38
816.00 15
816.00 21
816.00 60
816.00 69
816.00 81
818.00 31
818.50 18
822.00 18
822.50 2
823.00 57
825.50 20
826.50 25
827.50 57
828.00 53
828.50 58
828.50 62
828.50 63
829.00 58
829.50 18
829.50 26
830.00 58
835.00 76
835.50 80
836.50 66
838.00 66
838.50 21
839.00 71
840.00 14
840.50 26
841.00 67
846.50 61
847.00 72
847.50 61
848.50 70
849.00 17
849.00 26
849.00 56
854.50 59
860.00 41
867.00 17
867.00 56
869.50 57
872.00 16
872.50 17
872.50 58
874.50 84
875.50 57
876.50 74
877.50 63
879.00 69
883.00 31
886.00 61
886.00 71
887.00 58
887.00 74
888.00 77
890.50 64
893.00 75
893.50 53
894.50 38
895.50 40
896.00 38
897.50 25
900.00 58
903.50 18
908.50 42
914.50 61
916.00 75
918.50 81
921.00 25
922.00 83
924.00 18
925.00 53
925.50 60
928.00 76
930.00 75
930.50 35
930.50 60
931.00 18
935.00 67
935.50 18
938.00 45
942.50 23
943.00 58
946.50 66
948.00 67
951.00 18
951.50 81
952.00 18
953.50 53
954.50 43
954.50 51
954.50 72
955.00 43
956.00 84
958.00 43
958.50 66
959.00 18
959.50 66
960.00 18
960.00 66
960.50 56
961.50 42
966.50 66
969.50 31
969.50 43
969.50 61
969.50 66
970.50 66
970.50 81
972.50 60
975.00 51
979.00 74
981.50 33
982.00 67
983.00 32
983.00 58
983.50 64
984.00 68
984.50 58
985.00 31
985.00 58
985.00 68
985.50 51
985.50 58
985.50 65
985.50 69
986.00 58
987.00 83
987.50 18
988.50 58
988.50 68
989.00 51
989.50 57
989.50 59
990.00 58
990.50 58
991.00 51
992.00 34
993.00 54
993.00 55
994.50 58
995.00 58
995.50 59
996.00 42
997.00 42
997.00 67
997.50 34
997.50 62
998.50 73
999.50 57
999.50 73
1003.50 61
1005.50 56
1008.50 14
1008.50 24
1011.50 60
1011.50 61
1019.00 54
1022.00 31
1022.00 54
1022.50 84
1025.50 67
1025.50 78
1026.00 63
1027.00 41
1027.50 75
1033.00 66
1033.50 82
1040.00 42
1040.00 58
1040.50 26
1040.50 45
1040.50 51
1040.50 58
1041.00 50
1041.00 58
1041.50 26
1042.50 59
1043.50 58
1043.50 75
1044.50 80
1045.50 79
1048.00 75
1053.00 45
1053.00 49
1053.50 19
1055.00 58
1055.50 17
1055.50 58
1055.50 61
1056.00 58
1056.50 46
1063.50 38
1063.50 49
1066.00 61
1071.00 41
1071.00 66
1071.50 41
1071.50 66
1071.50 71
1072.00 66
1072.50 41
1072.50 73
1072.50 84
1073.50 73
1073.50 74
1074.00 17
1074.50 66
1075.00 41
1076.00 41
1076.50 51
1077.50 41
1077.50 74
1078.00 41
1081.50 68
1082.50 44
1083.00 64
1087.50 57
1088.00 83
1089.00 57
1097.00 53
1100.50 51
1102.00 81
1104.50 75
1107.00 80
1108.00 41
1108.00 54
1114.00 51
1114.50 75
1117.50 61
1117.50 66
1117.50 83
1119.00 66
1120.50 61
1121.50 55
1122.50 61
1123.50 73
1125.00 75
1126.00 45
1127.50 82
1129.00 43
1130.00 65
1135.00 18
1146.00 84
1159.00 45
1160.00 61
1162.50 51
1162.50 53
1162.50 80
1163.00 54
1164.50 78
1171.50 83
1173.50 74
1176.00 51
1181.50 49
1185.00 81
1186.50 60
1189.00 76
1190.00 42
1190.00 61
1190.00 63
1192.50 33
1196.00 5
1196.00 31
1200.00 79
1210.50 74
1212.50 26
1215.50 61
1216.50 75
1217.00 65
1217.00 81
1220.50 56
1230.50 76
1233.50 69
1237.50 65
1241.00 75
1241.50 36
1241.50 40
1248.50 56
1250.00 68
1251.00 59
1251.00 83
1255.50 11
1256.50 33
1256.50 74
1257.00 35
1259.50 75
1263.00 66
1263.50 79
1264.00 75
1264.50 74
1265.00 38
1265.00 77
1266.50 76
1267.00 35
1267.00 78
1269.00 61
1272.00 14
1274.50 56
1275.50 51
1277.00 34
1277.00 53
1283.50 31
1283.50 82
1287.50 18
1287.50 42
1288.00 71
1288.50 18
1289.00 18
1289.00 26
1290.00 26
1291.00 74
1298.00 61
1300.00 18
1300.50 18
1301.00 55
1301.50 18
1302.00 18
1302.50 18
1302.50 58
1303.00 18
1303.00 45
1305.50 13
1305.50 73
1305.50 81
1306.00 47
1309.00 66
1311.50 51
1317.00 61
1318.50 31
1318.50 51
1319.50 64
1321.50 31
1322.00 43
1323.00 43
1323.00 53
1323.50 43
1324.50 42
1325.00 43
1329.50 21
1329.50 50
1331.00 60
1334.00 66
1334.50 75
1336.50 66
1337.00 61
1338.00 56
1339.00 51
1339.00 66
1339.50 51
1340.50 26
1345.50 74
1346.00 18
1346.00 53
1346.50 65
1348.00 58
1348.50 56
1348.50 58
1349.00 58
1349.50 58
1350.00 58
1351.00 58
1351.50 58
1352.50 74
1353.00 66
1357.50 75
1358.50 63
1361.00 65
1361.50 59
1364.00 29
1364.50 16
1364.50 84
1366.00 66
1366.00 74
1369.50 62
1379.00 61
1380.00 61
1383.00 45
1388.50 57
1388.50 66
1392.00 17
1392.50 14
1397.00 75
1398.50 76
1404.00 26
1406.50 38
1406.50 42
1406.50 51
1406.50 79
1410.00 17
1410.00 49
1410.50 41
1412.50 58
1414.00 51
1415.00 68
1416.00 43
1418.00 53
1419.00 38
1420.00 61
1422.50 38
1423.00 61
1423.50 66
1424.00 41
1424.50 75
1425.50 71
1426.00 66
1426.50 31
1427.50 84
1428.00 75
1430.50 63
1430.50 75
1431.00 80
1431.50 75
1434.00 68
1435.00 61
1435.50 58
1437.50 58
1439.00 58
1439.50 58
1440.00 21
1440.00 26
1440.00 41
1440.00 58
1440.50 41
1441.00 41
1441.00 58
1441.00 66
1441.50 66
1442.50 41
1442.50 71
1443.00 41
1443.00 65
1443.50 82
1444.00 48
1446.50 15
1446.50 59
1447.50 49
1449.50 73
1454.00 49
1457.00 41
1457.00 70
1461.00 56
1461.00 61
1462.00 13
1466.00 2
1472.00 67
1472.50 49
1477.50 63
1478.00 75
1478.50 61
1479.00 70
1479.00 75
1480.50 37
1483.50 51
1485.00 18
1488.00 78
1489.00 20
1489.00 70
1489.50 16
1489.50 22
1489.50 42
1489.50 53
1489.50 58
1489.50 66
1489.50 72
1489.50 74
1489.50 77
1489.50 83
1490.00 58
1490.00 84
1492.00 51
1493.00 56
1493.50 70
1494.00 51
1494.50 53
1495.00 49
1496.50 80
1500.00 61
1500.50 33
1502.50 58
1502.50 61
1503.00 1
1503.00 19
1504.00 59
1504.50 58
1505.00 80
1505.50 24
1506.00 75
1506.50 75
1509.00 17
1509.50 74
1510.00 49
1510.00 61
1512.00 46
1514.00 62
1520.00 33
1520.50 42
1522.50 47
1522.50 79
1524.00 38
1524.50 49
1526.00 74
1526.50 57
1526.50 61
1528.00 45
1528.00 57
1532.00 56
1533.00 32
1535.00 59
1536.00 56
1536.50 17
1539.50 61
1539.50 74
1541.00 34
1543.00 72
1547.50 56
1550.50 57
1553.50 56
1556.50 18
1556.50 49
1561.00 62
1561.00 73
1561.50 18
1562.00 23
1562.00 67
1562.50 38
1563.00 60
1564.00 38
1564.00 73
1564.00 84
1569.00 31
1569.50 4
1569.50 46
1570.00 46
1575.00 53
1575.50 53
1575.50 66
1577.00 83
1578.00 31
1578.50 75
1579.00 31
1579.50 30
793.0 1
793.0 2
793.0 3
793.0 4
793.0 5
793.0 6
793.0 7
793.0 8
793.0 9
793.0 10
793.0 11
793.0 12
793.0 13
793.0 14
793.0 15
793.0 16
793.0 17
793.0 18
793.0 19
793.0 20
793.0 21
793.0 22
793.0 23
793.0 24
793.0 25
793.0 26
793.0 27
793.0 28
793.0 29
793.0 30
793.0 31
793.0 32
793.0 33
793.0 34
793.0 35
793.0 36
793.0 37
793.0 38
793.0 39
793.0 40
793.0 41
793.0 42
793.0 43
793.0 44
793.0 45
793.0 46
793.0 47
793.0 48
793.0 49
793.0 50
793.0 51
793.0 52
793.0 53
793.0 54
793.0 55
793.0 56
793.0 57
793.0 58
793.0 59
793.0 60
793.0 61
793.0 62
793.0 63
793.0 64
793.0 65
793.0 66
793.0 67
793.0 68
793.0 69
793.0 70
793.0 71
793.0 72
793.0 73
793.0 74
793.0 75
793.0 76
793.0 77
793.0 78
793.0 79
793.0 80
793.0 81
793.0 82
793.0 83
793.0 84
793.5 1
793.5 2
793.5 3
793.5 4
793.5 5
793.5 6
793.5 7
793.5 8
793.5 9
793.5 10
793.5 11
793.5 12
793.5 13
793.5 14
793.5 15
793.5 16
793.5 17
793.5 18
793.5 19
793.5 20
793.5 21
793.5 22
793.5 23
793.5 24
793.5 25
793.5 26
793.5 27
793.5 28
793.5 29
793.5 30
793.5 31
793.5 32
793.5 33
793.5 34
793.5 35
793.5 36
793.5 37
793.5 38
793.5 39
793.5 40
793.5 41
793.5 42
793.5 43
793.5 44
793.5 45
793.5 46
793.5 47
793.5 48
793.5 49
793.5 50
793.5 51
793.5 52
793.5 53
793.5 54
793.5 55
793.5 56
793.5 57
793.5 58
793.5 59
793.5 60
793.5 61
793.5 62
793.5 63
793.5 64
793.5 65
793.5 66
793.5 67
793.5 68
793.5 69
793.5 70
793.5 71
793.5 72
793.5 73
793.5 74
793.5 75
793.5 76
793.5 77
793.5 78
793.5 79
793.5 80
793.5 81
793.5 82
793.5 83
793.5 84
1561.0 1
1561.0 2
1561.0 3
1561.0 4
1561.0 5
1561.0 6
1561.0 7
1561.0 8
1561.0 9
1561.0 10
1561.0 11
1561.0 12
1561.0 13
1561.0 14
1561.0 15
1561.0 16
1561.0 17
1561.0 18
1561.0 19
1561.0 20
1561.0 21
1561.0 22
1561.0 23
1561.0 24
1561.0 25
1561.0 26
1561.0 27
1561.0 28
1561.0 29
1561.0 30
1561.0 31
1561.0 32
1561.0 33
1561.0 34
1561.0 35
1561.0 36
1561.0 37
1561.0 38
1561.0 39
1561.0 40
1561.0 41
1561.0 42
1561.0 43
1561.0 44
1561.0 45
1561.0 46
1561.0 47
1561.0 48
1561.0 49
1561.0 50
1561.0 51
1561.0 52
1561.0 53
1561.0 54
1561.0 55
1561.0 56
1561.0 57
1561.0 58
1561.0 59
1561.0 60
1561.0 61
1561.0 62
1561.0 63
1561.0 64
1561.0 65
1561.0 66
1561.0 67
1561.0 68
1561.0 69
1561.0 70
1561.0 71
1561.0 72
1561.0 73
1561.0 74
1561.0 75
1561.0 76
1561.0 77
1561.0 78
1561.0 79
1561.0 80
1561.0 81
1561.0 82
1561.0 83
1561.0 84
